#Turbine    Time(s)    dt(s)    rotor power (W)
0 1.659 0.0007 0
1 1.659 0.0007 5628.12

0 1.6597 0.0007 0
1 1.6597 0.0007 2493.71

0 1.6604 0.0007 0
1 1.6604 0.0007 811.602

0 1.6611 0.0007 0
1 1.6611 0.0007 183.563

0 1.6618 0.0007 0
1 1.6618 0.0007 414.393

0 1.6625 0.0007 0
1 1.6625 0.0007 721.58

0 1.6632 0.0007 0
1 1.6632 0.0007 768.393

0 1.6639 0.0007 0
1 1.6639 0.0007 801.291

0 1.6646 0.0007 0
1 1.6646 0.0007 532.142

0 1.6653 0.0007 0
1 1.6653 0.0007 785.852

0 1.666 0.0007 0
1 1.666 0.0007 672.11

0 1.6667 0.0007 0
1 1.6667 0.0007 559.325

0 1.6674 0.0007 0
1 1.6674 0.0007 699.925

0 1.6681 0.0007 0
1 1.6681 0.0007 753.62

0 1.6688 0.0007 0
1 1.6688 0.0007 214.713

0 1.6695 0.0007 0
1 1.6695 0.0007 536.727

0 1.6702 0.0007 0
1 1.6702 0.0007 735.362

0 1.6709 0.0007 0
1 1.6709 0.0007 1116.25

0 1.6716 0.0007 0
1 1.6716 0.0007 804.077

0 1.6723 0.0007 0
1 1.6723 0.0007 1093.51

0 1.673 0.0007 0
1 1.673 0.0007 1879.79

0 1.6737 0.0007 0
1 1.6737 0.0007 3501.62

0 1.6744 0.0007 0
1 1.6744 0.0007 4191.64

0 1.6751 0.0007 0
1 1.6751 0.0007 3635.38

0 1.6758 0.0007 0
1 1.6758 0.0007 3833.23

0 1.6765 0.0007 0
1 1.6765 0.0007 3737.35

0 1.6772 0.0007 0
1 1.6772 0.0007 3749.02

0 1.6779 0.0007 0
1 1.6779 0.0007 3723.04

0 1.6786 0.0007 0
1 1.6786 0.0007 3786.88

0 1.6793 0.0007 0
1 1.6793 0.0007 3830.27

0 1.68 0.0007 0
1 1.68 0.0007 3616.48

0 1.6807 0.0007 0
1 1.6807 0.0007 3215.11

0 1.6814 0.0007 0
1 1.6814 0.0007 3830.8

0 1.6821 0.0007 0
1 1.6821 0.0007 3282.68

0 1.6828 0.0007 0
1 1.6828 0.0007 2910.1

0 1.6835 0.0007 0
1 1.6835 0.0007 4629.18

0 1.6842 0.0007 0
1 1.6842 0.0007 3488.08

0 1.6849 0.0007 0
1 1.6849 0.0007 3049.86

0 1.6856 0.0007 0
1 1.6856 0.0007 3786.86

0 1.6863 0.0007 0
1 1.6863 0.0007 3286.22

0 1.687 0.0007 0
1 1.687 0.0007 3389.59

0 1.6877 0.0007 0
1 1.6877 0.0007 3704.51

0 1.6884 0.0007 0
1 1.6884 0.0007 3427.5

0 1.6891 0.0007 0
1 1.6891 0.0007 3432.71

0 1.6898 0.0007 0
1 1.6898 0.0007 3250.16

0 1.6905 0.0007 0
1 1.6905 0.0007 3634.84

0 1.6912 0.0007 0
1 1.6912 0.0007 3472.44

0 1.6919 0.0007 0
1 1.6919 0.0007 3228.09

0 1.6926 0.0007 0
1 1.6926 0.0007 3299.96

0 1.6933 0.0007 0
1 1.6933 0.0007 4493.71

0 1.694 0.0007 0
1 1.694 0.0007 3348.23

0 1.6947 0.0007 0
1 1.6947 0.0007 2521.67

0 1.6954 0.0007 0
1 1.6954 0.0007 2754.91

0 1.6961 0.0007 0
1 1.6961 0.0007 3786.64

0 1.6968 0.0007 0
1 1.6968 0.0007 4367.2

0 1.6975 0.0007 0
1 1.6975 0.0007 3597.05

0 1.6982 0.0007 0
1 1.6982 0.0007 3048.02

0 1.6989 0.0007 0
1 1.6989 0.0007 3737.96

0 1.6996 0.0007 0
1 1.6996 0.0007 3844.67

0 1.7003 0.0007 0
1 1.7003 0.0007 3375.16

0 1.701 0.0007 0
1 1.701 0.0007 3376.92

0 1.7017 0.0007 0
1 1.7017 0.0007 3597.36

0 1.7024 0.0007 0
1 1.7024 0.0007 3621.49

0 1.7031 0.0007 0
1 1.7031 0.0007 3641.65

0 1.7038 0.0007 0
1 1.7038 0.0007 3280

0 1.7045 0.0007 0
1 1.7045 0.0007 3350.68

0 1.7052 0.0007 0
1 1.7052 0.0007 3109.45

0 1.7059 0.0007 0
1 1.7059 0.0007 2189.14

0 1.7066 0.0007 0
1 1.7066 0.0007 2073.24

0 1.7073 0.0007 0
1 1.7073 0.0007 3385.66

0 1.708 0.0007 0
1 1.708 0.0007 2180.54

0 1.7087 0.0007 0
1 1.7087 0.0007 2161.39

0 1.7094 0.0007 0
1 1.7094 0.0007 2300.67

0 1.7101 0.0007 0
1 1.7101 0.0007 2261.23

0 1.7108 0.0007 0
1 1.7108 0.0007 2449.55

0 1.7115 0.0007 0
1 1.7115 0.0007 2224.11

0 1.7122 0.0007 0
1 1.7122 0.0007 2438.4

0 1.7129 0.0007 0
1 1.7129 0.0007 2255.93

0 1.7136 0.0007 0
1 1.7136 0.0007 2102.37

0 1.7143 0.0007 0
1 1.7143 0.0007 2357.79

0 1.715 0.0007 0
1 1.715 0.0007 2726.4

0 1.7157 0.0007 0
1 1.7157 0.0007 1933.64

0 1.7164 0.0007 0
1 1.7164 0.0007 2222.14

0 1.7171 0.0007 0
1 1.7171 0.0007 2701.27

0 1.7178 0.0007 0
1 1.7178 0.0007 3667.05

0 1.7185 0.0007 0
1 1.7185 0.0007 2675.36

0 1.7192 0.0007 0
1 1.7192 0.0007 1896.73

0 1.7199 0.0007 0
1 1.7199 0.0007 2303.39

0 1.7206 0.0007 0
1 1.7206 0.0007 3132.11

0 1.7213 0.0007 0
1 1.7213 0.0007 3376.81

0 1.722 0.0007 0
1 1.722 0.0007 3118.38

0 1.7227 0.0007 0
1 1.7227 0.0007 2953.74

0 1.7234 0.0007 0
1 1.7234 0.0007 3223.06

0 1.7241 0.0007 0
1 1.7241 0.0007 3201.41

0 1.7248 0.0007 0
1 1.7248 0.0007 3206.52

0 1.7255 0.0007 0
1 1.7255 0.0007 3245.61

0 1.7262 0.0007 0
1 1.7262 0.0007 3511.24

0 1.7269 0.0007 0
1 1.7269 0.0007 3406.78

0 1.7276 0.0007 0
1 1.7276 0.0007 2926.81

0 1.7283 0.0007 0
1 1.7283 0.0007 3326.4

0 1.729 0.0007 0
1 1.729 0.0007 3135.06

0 1.7297 0.0007 0
1 1.7297 0.0007 2559.47

0 1.7304 0.0007 0
1 1.7304 0.0007 4461.71

0 1.7311 0.0007 0
1 1.7311 0.0007 3060.72

0 1.7318 0.0007 0
1 1.7318 0.0007 2744.96

0 1.7325 0.0007 0
1 1.7325 0.0007 3517.67

0 1.7332 0.0007 0
1 1.7332 0.0007 3083.06

0 1.7339 0.0007 0
1 1.7339 0.0007 3169.87

0 1.7346 0.0007 0
1 1.7346 0.0007 3557.16

0 1.7353 0.0007 0
1 1.7353 0.0007 3290.86

0 1.736 0.0007 0
1 1.736 0.0007 3198.01

0 1.7367 0.0007 0
1 1.7367 0.0007 3013.98

0 1.7374 0.0007 0
1 1.7374 0.0007 3310.88

0 1.7381 0.0007 0
1 1.7381 0.0007 3323.64

0 1.7388 0.0007 0
1 1.7388 0.0007 3040.45

0 1.7395 0.0007 0
1 1.7395 0.0007 2894.96

0 1.7402 0.0007 0
1 1.7402 0.0007 3908.99

0 1.7409 0.0007 0
1 1.7409 0.0007 3364.88

0 1.7416 0.0007 0
1 1.7416 0.0007 2332.3

0 1.7423 0.0007 0
1 1.7423 0.0007 2479.54

0 1.743 0.0007 0
1 1.743 0.0007 3139.13

0 1.7437 0.0007 0
1 1.7437 0.0007 4160.43

0 1.7444 0.0007 0
1 1.7444 0.0007 3274.06

0 1.7451 0.0007 0
1 1.7451 0.0007 2687.98

0 1.7458 0.0007 0
1 1.7458 0.0007 3437.37

0 1.7465 0.0007 0
1 1.7465 0.0007 3375.85

0 1.7472 0.0007 0
1 1.7472 0.0007 3129.78

0 1.7479 0.0007 0
1 1.7479 0.0007 2949.64

0 1.7486 0.0007 0
1 1.7486 0.0007 3259.83

0 1.7493 0.0007 0
1 1.7493 0.0007 3005.2

0 1.75 0.0007 0
1 1.75 0.0007 3224.25

0 1.7507 0.0007 0
1 1.7507 0.0007 2985.91

0 1.7514 0.0007 0
1 1.7514 0.0007 3131.52

0 1.7521 0.0007 0
1 1.7521 0.0007 3163.83

0 1.7528 0.0007 0
1 1.7528 0.0007 2262.09

0 1.7535 0.0007 0
1 1.7535 0.0007 2231.09

0 1.7542 0.0007 0
1 1.7542 0.0007 4167.43

0 1.7549 0.0007 0
1 1.7549 0.0007 2561.72

0 1.7556 0.0007 0
1 1.7556 0.0007 2405.83

0 1.7563 0.0007 0
1 1.7563 0.0007 2773.98

0 1.757 0.0007 0
1 1.757 0.0007 2697.63

0 1.7577 0.0007 0
1 1.7577 0.0007 2746.12

0 1.7584 0.0007 0
1 1.7584 0.0007 2687.8

0 1.7591 0.0007 0
1 1.7591 0.0007 2787.11

0 1.7598 0.0007 0
1 1.7598 0.0007 2695.4

0 1.7605 0.0007 0
1 1.7605 0.0007 2441.41

0 1.7612 0.0007 0
1 1.7612 0.0007 2717.04

0 1.7619 0.0007 0
1 1.7619 0.0007 2979.09

0 1.7626 0.0007 0
1 1.7626 0.0007 2355.52

0 1.7633 0.0007 0
1 1.7633 0.0007 2524.97

0 1.764 0.0007 0
1 1.764 0.0007 2948.65

0 1.7647 0.0007 0
1 1.7647 0.0007 4067.66

0 1.7654 0.0007 0
1 1.7654 0.0007 3157.85

0 1.7661 0.0007 0
1 1.7661 0.0007 2040.18

0 1.7668 0.0007 0
1 1.7668 0.0007 2267.09

0 1.7675 0.0007 0
1 1.7675 0.0007 3012.41

0 1.7682 0.0007 0
1 1.7682 0.0007 3193.83

0 1.7689 0.0007 0
1 1.7689 0.0007 3050.77

0 1.7696 0.0007 0
1 1.7696 0.0007 2754.91

0 1.7703 0.0007 0
1 1.7703 0.0007 3202.95

0 1.771 0.0007 0
1 1.771 0.0007 3020.59

0 1.7717 0.0007 0
1 1.7717 0.0007 3056.71

0 1.7724 0.0007 0
1 1.7724 0.0007 2998.02

0 1.7731 0.0007 0
1 1.7731 0.0007 3339.4

0 1.7738 0.0007 0
1 1.7738 0.0007 3337.61

0 1.7745 0.0007 0
1 1.7745 0.0007 2804

0 1.7752 0.0007 0
1 1.7752 0.0007 3095.17

0 1.7759 0.0007 0
1 1.7759 0.0007 3195.77

0 1.7766 0.0007 0
1 1.7766 0.0007 2608.64

0 1.7773 0.0007 0
1 1.7773 0.0007 4361.8

0 1.778 0.0007 0
1 1.778 0.0007 3094.21

0 1.7787 0.0007 0
1 1.7787 0.0007 2738.11

0 1.7794 0.0007 0
1 1.7794 0.0007 3340.04

0 1.7801 0.0007 0
1 1.7801 0.0007 2929.45

0 1.7808 0.0007 0
1 1.7808 0.0007 2994.31

0 1.7815 0.0007 0
1 1.7815 0.0007 3323.87

0 1.7822 0.0007 0
1 1.7822 0.0007 3272.28

0 1.7829 0.0007 0
1 1.7829 0.0007 3130.47

0 1.7836 0.0007 0
1 1.7836 0.0007 2914.3

0 1.7843 0.0007 0
1 1.7843 0.0007 3032.59

0 1.785 0.0007 0
1 1.785 0.0007 3319.7

0 1.7857 0.0007 0
1 1.7857 0.0007 3008.34

0 1.7864 0.0007 0
1 1.7864 0.0007 2747.51

0 1.7871 0.0007 0
1 1.7871 0.0007 3677.79

0 1.7878 0.0007 0
1 1.7878 0.0007 3443.88

0 1.7885 0.0007 0
1 1.7885 0.0007 2247.56

0 1.7892 0.0007 0
1 1.7892 0.0007 2422.39

0 1.7899 0.0007 0
1 1.7899 0.0007 2688.74

0 1.7906 0.0007 0
1 1.7906 0.0007 3965.7

0 1.7913 0.0007 0
1 1.7913 0.0007 3346.06

0 1.792 0.0007 0
1 1.792 0.0007 2559.62

0 1.7927 0.0007 0
1 1.7927 0.0007 3072.3

0 1.7934 0.0007 0
1 1.7934 0.0007 3313.65

0 1.7941 0.0007 0
1 1.7941 0.0007 3102.84

0 1.7948 0.0007 0
1 1.7948 0.0007 2768.63

0 1.7955 0.0007 0
1 1.7955 0.0007 3211.86

0 1.7962 0.0007 0
1 1.7962 0.0007 3019.94

0 1.7969 0.0007 0
1 1.7969 0.0007 3068.73

0 1.7976 0.0007 0
1 1.7976 0.0007 2863.88

0 1.7983 0.0007 0
1 1.7983 0.0007 3042.91

0 1.799 0.0007 0
1 1.799 0.0007 3265.78

0 1.7997 0.0007 0
1 1.7997 0.0007 2350.26

0 1.8004 0.0007 0
1 1.8004 0.0007 2278.85

0 1.8011 0.0007 0
1 1.8011 0.0007 4174.1

0 1.8018 0.0007 0
1 1.8018 0.0007 2866.08

0 1.8025 0.0007 0
1 1.8025 0.0007 2449.41

0 1.8032 0.0007 0
1 1.8032 0.0007 2925.34

0 1.8039 0.0007 0
1 1.8039 0.0007 2978.01

0 1.8046 0.0007 0
1 1.8046 0.0007 2883.59

0 1.8053 0.0007 0
1 1.8053 0.0007 2767.27

0 1.806 0.0007 0
1 1.806 0.0007 2736.46

0 1.8067 0.0007 0
1 1.8067 0.0007 2889.03

0 1.8074 0.0007 0
1 1.8074 0.0007 2580.41

0 1.8081 0.0007 0
1 1.8081 0.0007 2749.71

0 1.8088 0.0007 0
1 1.8088 0.0007 3168.32

0 1.8095 0.0007 0
1 1.8095 0.0007 2452.94

0 1.8102 0.0007 0
1 1.8102 0.0007 2544.04

0 1.8109 0.0007 0
1 1.8109 0.0007 2939.15

0 1.8116 0.0007 0
1 1.8116 0.0007 4199.1

0 1.8123 0.0007 0
1 1.8123 0.0007 3428.29

0 1.813 0.0007 0
1 1.813 0.0007 2252.57

0 1.8137 0.0007 0
1 1.8137 0.0007 2104.17

0 1.8144 0.0007 0
1 1.8144 0.0007 2839.47

0 1.8151 0.0007 0
1 1.8151 0.0007 3198.63

0 1.8158 0.0007 0
1 1.8158 0.0007 2982.91

0 1.8165 0.0007 0
1 1.8165 0.0007 2740.34

0 1.8172 0.0007 0
1 1.8172 0.0007 3174.35

0 1.8179 0.0007 -0
1 1.8179 0.0007 3071.2

0 1.8186 0.0007 -0
1 1.8186 0.0007 3064.05

0 1.8193 0.0007 -0
1 1.8193 0.0007 2812.24

0 1.82 0.0007 -0
1 1.82 0.0007 3201.64

0 1.8207 0.0007 -0
1 1.8207 0.0007 3441.16

0 1.8214 0.0007 -0
1 1.8214 0.0007 2674.79

0 1.8221 0.0007 -0
1 1.8221 0.0007 3033.61

0 1.8228 0.0007 -0
1 1.8228 0.0007 3179.13

0 1.8235 0.0007 -0
1 1.8235 0.0007 2665.38

0 1.8242 0.0007 -0
1 1.8242 0.0007 2344

0 1.8249 0.0007 -0
1 1.8249 0.0007 3646.9

0 1.8256 0.0007 -0
1 1.8256 0.0007 2861.01

0 1.8263 0.0007 -0
1 1.8263 0.0007 3290.4

0 1.827 0.0007 -0
1 1.827 0.0007 3051.45

0 1.8277 0.0007 -0
1 1.8277 0.0007 2671.74

0 1.8284 0.0007 -0
1 1.8284 0.0007 3308.77

0 1.8291 0.0007 -0
1 1.8291 0.0007 3261.11

0 1.8298 0.0007 -0
1 1.8298 0.0007 3110.28

0 1.8305 0.0007 -0
1 1.8305 0.0007 2858.22

0 1.8312 0.0007 -0
1 1.8312 0.0007 2952.74

0 1.8319 0.0007 0
1 1.8319 0.0007 3307.4

0 1.8326 0.0007 0
1 1.8326 0.0007 2895.85

0 1.8333 0.0007 0
1 1.8333 0.0007 2794.78

0 1.834 0.0007 0
1 1.834 0.0007 3292.42

0 1.8347 0.0007 0
1 1.8347 0.0007 3670.29

0 1.8354 0.0007 0
1 1.8354 0.0007 2219.18

0 1.8361 0.0007 0
1 1.8361 0.0007 2366.06

0 1.8368 0.0007 0
1 1.8368 0.0007 2398.62

0 1.8375 0.0007 0
1 1.8375 0.0007 3904.98

0 1.8382 0.0007 0
1 1.8382 0.0007 3472.67

0 1.8389 0.0007 0
1 1.8389 0.0007 2640.1

0 1.8396 0.0007 0
1 1.8396 0.0007 2793.03

0 1.8403 0.0007 0
1 1.8403 0.0007 3293.32

0 1.841 0.0007 0
1 1.841 0.0007 3162.1

0 1.8417 0.0007 0
1 1.8417 0.0007 2649.57

0 1.8424 0.0007 0
1 1.8424 0.0007 3160.44

0 1.8431 0.0007 0
1 1.8431 0.0007 2938.13

0 1.8438 0.0007 0
1 1.8438 0.0007 2938.01

0 1.8445 0.0007 0
1 1.8445 0.0007 2980.06

0 1.8452 0.0007 0
1 1.8452 0.0007 2975.67

0 1.8459 0.0007 0
1 1.8459 0.0007 3313.43

0 1.8466 0.0007 0
1 1.8466 0.0007 2423.84

0 1.8473 0.0007 0
1 1.8473 0.0007 2378.15

0 1.848 0.0007 0
1 1.848 0.0007 4375.09

0 1.8487 0.0007 0
1 1.8487 0.0007 2890.17

0 1.8494 0.0007 0
1 1.8494 0.0007 2365.34

0 1.8501 0.0007 0
1 1.8501 0.0007 3010.16

0 1.8508 0.0007 0
1 1.8508 0.0007 2989.37

0 1.8515 0.0007 0
1 1.8515 0.0007 2732.37

0 1.8522 0.0007 0
1 1.8522 0.0007 2787.37

0 1.8529 0.0007 0
1 1.8529 0.0007 2800.69

0 1.8536 0.0007 0
1 1.8536 0.0007 2949.99

0 1.8543 0.0007 0
1 1.8543 0.0007 2649.45

0 1.855 0.0007 0
1 1.855 0.0007 2743.7

0 1.8557 0.0007 0
1 1.8557 0.0007 3070.28

0 1.8564 0.0007 0
1 1.8564 0.0007 2750.5

0 1.8571 0.0007 0
1 1.8571 0.0007 2494.04

0 1.8578 0.0007 0
1 1.8578 0.0007 2812.59

0 1.8585 0.0007 0
1 1.8585 0.0007 3849.6

0 1.8592 0.0007 -0
1 1.8592 0.0007 3697.42

0 1.8599 0.0007 -0
1 1.8599 0.0007 2330.5

0 1.8606 0.0007 -0
1 1.8606 0.0007 2226.27

0 1.8613 0.0007 -0
1 1.8613 0.0007 2698.72

0 1.862 0.0007 -0
1 1.862 0.0007 3236.4

0 1.8627 0.0007 -0
1 1.8627 0.0007 3021.68

0 1.8634 0.0007 -0
1 1.8634 0.0007 2701.5

0 1.8641 0.0007 -0
1 1.8641 0.0007 3166.42

0 1.8648 0.0007 -0
1 1.8648 0.0007 2917.46

0 1.8655 0.0007 -0
1 1.8655 0.0007 3136.78

0 1.8662 0.0007 -0
1 1.8662 0.0007 2923.71

0 1.8669 0.0007 -0
1 1.8669 0.0007 3174.94

0 1.8676 0.0007 -0
1 1.8676 0.0007 3265.11

0 1.8683 0.0007 -0
1 1.8683 0.0007 2769.16

0 1.869 0.0007 -0
1 1.869 0.0007 2860.15

0 1.8697 0.0007 -0
1 1.8697 0.0007 3219.61

0 1.8704 0.0007 -0
1 1.8704 0.0007 2654.84

0 1.8711 0.0007 -0
1 1.8711 0.0007 2350.86

0 1.8718 0.0007 -0
1 1.8718 0.0007 3829.53

0 1.8725 0.0007 -0
1 1.8725 0.0007 2997.89

0 1.8732 0.0007 -0
1 1.8732 0.0007 3150.01

0 1.8739 0.0007 -0
1 1.8739 0.0007 3027.59

0 1.8746 0.0007 -0
1 1.8746 0.0007 2618.3

0 1.8753 0.0007 -0
1 1.8753 0.0007 3223.99

0 1.876 0.0007 -0
1 1.876 0.0007 3361

0 1.8767 0.0007 -0
1 1.8767 0.0007 3107.31

0 1.8774 0.0007 -0
1 1.8774 0.0007 2847.85

0 1.8781 0.0007 -0
1 1.8781 0.0007 2836.21

0 1.8788 0.0007 -0
1 1.8788 0.0007 3294.36

0 1.8795 0.0007 -0
1 1.8795 0.0007 2788.17

0 1.8802 0.0007 -0
1 1.8802 0.0007 2770.75

0 1.8809 0.0007 -0
1 1.8809 0.0007 3192.15

0 1.8816 0.0007 -0
1 1.8816 0.0007 3687.38

0 1.8823 0.0007 -0
1 1.8823 0.0007 2447.59

0 1.883 0.0007 -0
1 1.883 0.0007 2243.23

0 1.8837 0.0007 -0
1 1.8837 0.0007 2301.52

0 1.8844 0.0007 -0
1 1.8844 0.0007 3778.05

0 1.8851 0.0007 -0
1 1.8851 0.0007 3562.07

0 1.8858 0.0007 0
1 1.8858 0.0007 2648.68

0 1.8865 0.0007 0
1 1.8865 0.0007 2691.22

0 1.8872 0.0007 0
1 1.8872 0.0007 3274.87

0 1.8879 0.0007 0
1 1.8879 0.0007 3214.74

0 1.8886 0.0007 0
1 1.8886 0.0007 2754.33

0 1.8893 0.0007 0
1 1.8893 0.0007 2915.65

0 1.89 0.0007 0
1 1.89 0.0007 2883.31

0 1.8907 0.0007 0
1 1.8907 0.0007 2966.84

0 1.8914 0.0007 0
1 1.8914 0.0007 3096.05

0 1.8921 0.0007 0
1 1.8921 0.0007 3004.88

0 1.8928 0.0007 0
1 1.8928 0.0007 3285.95

0 1.8935 0.0007 0
1 1.8935 0.0007 2562.32

0 1.8942 0.0007 0
1 1.8942 0.0007 2148.77

0 1.8949 0.0007 0
1 1.8949 0.0007 4495.92

0 1.8956 0.0007 0
1 1.8956 0.0007 3005.65

0 1.8963 0.0007 0
1 1.8963 0.0007 2361.97

0 1.897 0.0007 0
1 1.897 0.0007 2874.57

0 1.8977 0.0007 0
1 1.8977 0.0007 3116.27

0 1.8984 0.0007 0
1 1.8984 0.0007 2917.48

0 1.8991 0.0007 0
1 1.8991 0.0007 2846.89

0 1.8998 0.0007 0
1 1.8998 0.0007 2792.48

0 1.9005 0.0007 0
1 1.9005 0.0007 2940.41

0 1.9012 0.0007 -0
1 1.9012 0.0007 2668.45

0 1.9019 0.0007 -0
1 1.9019 0.0007 2729.82

0 1.9026 0.0007 -0
1 1.9026 0.0007 3017.5

0 1.9033 0.0007 -0
1 1.9033 0.0007 2966.67

0 1.904 0.0007 -0
1 1.904 0.0007 2456.11

0 1.9047 0.0007 -0
1 1.9047 0.0007 2765.62

0 1.9054 0.0007 -0
1 1.9054 0.0007 3527.13

0 1.9061 0.0007 -0
1 1.9061 0.0007 3921.47

0 1.9068 0.0007 -0
1 1.9068 0.0007 2606.7

0 1.9075 0.0007 -0
1 1.9075 0.0007 2193.63

0 1.9082 0.0007 -0
1 1.9082 0.0007 2586.66

0 1.9089 0.0007 -0
1 1.9089 0.0007 3201.54

0 1.9096 0.0007 -0
1 1.9096 0.0007 3064.02

0 1.9103 0.0007 -0
1 1.9103 0.0007 2826

0 1.911 0.0007 -0
1 1.911 0.0007 3020.87

0 1.9117 0.0007 -0
1 1.9117 0.0007 2952.17

0 1.9124 0.0007 -0
1 1.9124 0.0007 3018.65

0 1.9131 0.0007 -0
1 1.9131 0.0007 2937.75

0 1.9138 0.0007 -0
1 1.9138 0.0007 3154.89

0 1.9145 0.0007 -0
1 1.9145 0.0007 3255.59

0 1.9152 0.0007 -0
1 1.9152 0.0007 2913.91

0 1.9159 0.0007 -0
1 1.9159 0.0007 2663.23

0 1.9166 0.0007 -0
1 1.9166 0.0007 3354.86

0 1.9173 0.0007 -0
1 1.9173 0.0007 2755.06

0 1.918 0.0007 -0
1 1.918 0.0007 2297.61

0 1.9187 0.0007 -0
1 1.9187 0.0007 4033.9

0 1.9194 0.0007 -0
1 1.9194 0.0007 2964.38

0 1.9201 0.0007 -0
1 1.9201 0.0007 2998.57

0 1.9208 0.0007 -0
1 1.9208 0.0007 3128.16

0 1.9215 0.0007 -0
1 1.9215 0.0007 2635.03

0 1.9222 0.0007 -0
1 1.9222 0.0007 3069.77

0 1.9229 0.0007 -0
1 1.9229 0.0007 3323.44

0 1.9236 0.0007 -0
1 1.9236 0.0007 3089.11

0 1.9243 0.0007 -0
1 1.9243 0.0007 2974.72

0 1.925 0.0007 -0
1 1.925 0.0007 2738.7

0 1.9257 0.0007 -0
1 1.9257 0.0007 3422.14

0 1.9264 0.0007 -0
1 1.9264 0.0007 2726.24

0 1.9271 0.0007 -0
1 1.9271 0.0007 2699.35

0 1.9278 0.0007 -0
1 1.9278 0.0007 3048.15

0 1.9285 0.0007 -0
1 1.9285 0.0007 3814.69

0 1.9292 0.0007 -0
1 1.9292 0.0007 2462.33

0 1.9299 0.0007 -0
1 1.9299 0.0007 2181.14

0 1.9306 0.0007 -0
1 1.9306 0.0007 2287.17

0 1.9313 0.0007 -0
1 1.9313 0.0007 3694.21

0 1.932 0.0007 -0
1 1.932 0.0007 3683.81

0 1.9327 0.0007 -0
1 1.9327 0.0007 2707.47

0 1.9334 0.0007 -0
1 1.9334 0.0007 2538.17

0 1.9341 0.0007 -0
1 1.9341 0.0007 3168.26

0 1.9348 0.0007 -0
1 1.9348 0.0007 3194.84

0 1.9355 0.0007 -0
1 1.9355 0.0007 2813.9

0 1.9362 0.0007 -0
1 1.9362 0.0007 2753.42

0 1.9369 0.0007 -0
1 1.9369 0.0007 2984.18

0 1.9376 0.0007 -0
1 1.9376 0.0007 3026.87

0 1.9383 0.0007 -0
1 1.9383 0.0007 3162.16

0 1.939 0.0007 -0
1 1.939 0.0007 2674.18

0 1.9397 0.0007 -0
1 1.9397 0.0007 3130.53

0 1.9404 0.0007 -0
1 1.9404 0.0007 2781.5

0 1.9411 0.0007 -0
1 1.9411 0.0007 2297.66

0 1.9418 0.0007 -0
1 1.9418 0.0007 4493.37

0 1.9425 0.0007 -0
1 1.9425 0.0007 3085.79

0 1.9432 0.0007 -0
1 1.9432 0.0007 2257.17

0 1.9439 0.0007 -0
1 1.9439 0.0007 2948.49

0 1.9446 0.0007 -0
1 1.9446 0.0007 2963.45

0 1.9453 0.0007 -0
1 1.9453 0.0007 2958.37

0 1.946 0.0007 -0
1 1.946 0.0007 2879.33

0 1.9467 0.0007 -0
1 1.9467 0.0007 2724.93

0 1.9474 0.0007 -0
1 1.9474 0.0007 3102.82

0 1.9481 0.0007 -0
1 1.9481 0.0007 2731.57

0 1.9488 0.0007 -0
1 1.9488 0.0007 2687.96

0 1.9495 0.0007 -0
1 1.9495 0.0007 3027.99

0 1.9502 0.0007 -0
1 1.9502 0.0007 3149.75

0 1.9509 0.0007 -0
1 1.9509 0.0007 2367.88

0 1.9516 0.0007 -0
1 1.9516 0.0007 2825.82

0 1.9523 0.0007 -0
1 1.9523 0.0007 3270.8

0 1.953 0.0007 -0
1 1.953 0.0007 4094.69

0 1.9537 0.0007 -0
1 1.9537 0.0007 2741.94

0 1.9544 0.0007 -0
1 1.9544 0.0007 2079.46

0 1.9551 0.0007 -0
1 1.9551 0.0007 2330.13

0 1.9558 0.0007 -0
1 1.9558 0.0007 3218.73

0 1.9565 0.0007 -0
1 1.9565 0.0007 3168.46

0 1.9572 0.0007 -0
1 1.9572 0.0007 2784.85

0 1.9579 0.0007 -0
1 1.9579 0.0007 2937.14

0 1.9586 0.0007 -0
1 1.9586 0.0007 2906.57

0 1.9593 0.0007 -0
1 1.9593 0.0007 2993.36

0 1.96 0.0007 -0
1 1.96 0.0007 3076.5

0 1.9607 0.0007 -0
1 1.9607 0.0007 3042.68

0 1.9614 0.0007 -0
1 1.9614 0.0007 3258.02

0 1.9621 0.0007 -0
1 1.9621 0.0007 2963.68

0 1.9628 0.0007 -0
1 1.9628 0.0007 2658.74

0 1.9635 0.0007 -0
1 1.9635 0.0007 3487.85

0 1.9642 0.0007 -0
1 1.9642 0.0007 2700.19

0 1.9649 0.0007 -0
1 1.9649 0.0007 2370.86

0 1.9656 0.0007 -0
1 1.9656 0.0007 3982.74

0 1.9663 0.0007 -0
1 1.9663 0.0007 2951.33

0 1.967 0.0007 -0
1 1.967 0.0007 2781.7

0 1.9677 0.0007 -0
1 1.9677 0.0007 3264.85

0 1.9684 0.0007 -0
1 1.9684 0.0007 2791.88

0 1.9691 0.0007 -0
1 1.9691 0.0007 2848.41

0 1.9698 0.0007 -0
1 1.9698 0.0007 3268.7

0 1.9705 0.0007 -0
1 1.9705 0.0007 3038.7

0 1.9712 0.0007 -0
1 1.9712 0.0007 2961.25

0 1.9719 0.0007 -0
1 1.9719 0.0007 2712.49

0 1.9726 0.0007 -0
1 1.9726 0.0007 3282.67

0 1.9733 0.0007 -0
1 1.9733 0.0007 2866.39

0 1.974 0.0007 -0
1 1.974 0.0007 2660.82

0 1.9747 0.0007 -0
1 1.9747 0.0007 2904.98

0 1.9754 0.0007 -0
1 1.9754 0.0007 3902.31

0 1.9761 0.0007 -0
1 1.9761 0.0007 2640.27

0 1.9768 0.0007 -0
1 1.9768 0.0007 2187.11

0 1.9775 0.0007 -0
1 1.9775 0.0007 2310.85

0 1.9782 0.0007 -0
1 1.9782 0.0007 3386.55

0 1.9789 0.0007 -0
1 1.9789 0.0007 3745.15

0 1.9796 0.0007 -0
1 1.9796 0.0007 2824.93

0 1.9803 0.0007 -0
1 1.9803 0.0007 2557.82

0 1.981 0.0007 -0
1 1.981 0.0007 3155.77

0 1.9817 0.0007 -0
1 1.9817 0.0007 3285.4

0 1.9824 0.0007 -0
1 1.9824 0.0007 2747.4

0 1.9831 0.0007 -0
1 1.9831 0.0007 2763.77

0 1.9838 0.0007 -0
1 1.9838 0.0007 3026.81

0 1.9845 0.0007 -0
1 1.9845 0.0007 2887.01

0 1.9852 0.0007 -0
1 1.9852 0.0007 3024.38

0 1.9859 0.0007 -0
1 1.9859 0.0007 2831.68

0 1.9866 0.0007 -0
1 1.9866 0.0007 3111.48

0 1.9873 0.0007 -0
1 1.9873 0.0007 2929.15

0 1.988 0.0007 -0
1 1.988 0.0007 2453.43

0 1.9887 0.0007 -0
1 1.9887 0.0007 2346.07

0 1.9894 0.0007 -0
1 1.9894 0.0007 3879.99

0 1.9901 0.0007 -0
1 1.9901 0.0007 2742.97

0 1.9908 0.0007 -0
1 1.9908 0.0007 2813.68

0 1.9915 0.0007 -0
1 1.9915 0.0007 2992.19

0 1.9922 0.0007 -0
1 1.9922 0.0007 2908.43

0 1.9929 0.0007 -0
1 1.9929 0.0007 2973.45

0 1.9936 0.0007 -0
1 1.9936 0.0007 2758.71

0 1.9943 0.0007 -0
1 1.9943 0.0007 3051.08

0 1.995 0.0007 -0
1 1.995 0.0007 2690.79

0 1.9957 0.0007 -0
1 1.9957 0.0007 2611.78

0 1.9964 0.0007 -0
1 1.9964 0.0007 3053.31

0 1.9971 0.0007 -0
1 1.9971 0.0007 3262.45

0 1.9978 0.0007 -0
1 1.9978 0.0007 2360.47

0 1.9985 0.0007 -0
1 1.9985 0.0007 2721.39

0 1.9992 0.0007 -0
1 1.9992 0.0007 3164.54

0 1.9999 0.0007 -0
1 1.9999 0.0007 4159.54

0 2.0006 0.0007 -0
1 2.0006 0.0007 2902.42

0 2.0013 0.0007 -0
1 2.0013 0.0007 2213.66

0 2.002 0.0007 -0
1 2.002 0.0007 2342.44

0 2.0027 0.0007 -0
1 2.0027 0.0007 3034.28

0 2.0034 0.0007 -0
1 2.0034 0.0007 3312.44

0 2.0041 0.0007 -0
1 2.0041 0.0007 2733.05

0 2.0048 0.0007 -0
1 2.0048 0.0007 2862

0 2.0055 0.0007 -0
1 2.0055 0.0007 2895.6

0 2.0062 0.0007 -0
1 2.0062 0.0007 2971.66

0 2.0069 0.0007 -0
1 2.0069 0.0007 2967.83

0 2.0076 0.0007 -0
1 2.0076 0.0007 3107.76

0 2.0083 0.0007 -0
1 2.0083 0.0007 3244.38

0 2.009 0.0007 -0
1 2.009 0.0007 3075.52

0 2.0097 0.0007 -0
1 2.0097 0.0007 2665.56

0 2.0104 0.0007 -0
1 2.0104 0.0007 3153.08

0 2.0111 0.0007 -0
1 2.0111 0.0007 2790.28

0 2.0118 0.0007 -0
1 2.0118 0.0007 2309.1

0 2.0125 0.0007 -0
1 2.0125 0.0007 4081.14

0 2.0132 0.0007 -0
1 2.0132 0.0007 3021.13

0 2.0139 0.0007 -0
1 2.0139 0.0007 2539.37

0 2.0146 0.0007 -0
1 2.0146 0.0007 3270.44

0 2.0153 0.0007 -0
1 2.0153 0.0007 2821.78

0 2.016 0.0007 -0
1 2.016 0.0007 2857.3

0 2.0167 0.0007 -0
1 2.0167 0.0007 3234.65

0 2.0174 0.0007 -0
1 2.0174 0.0007 2995.81

0 2.0181 0.0007 -0
1 2.0181 0.0007 2880.82

0 2.0188 0.0007 -0
1 2.0188 0.0007 2741.62

0 2.0195 0.0007 -0
1 2.0195 0.0007 3081.16

0 2.0202 0.0007 -0
1 2.0202 0.0007 3065.64

0 2.0209 0.0007 -0
1 2.0209 0.0007 2792.67

0 2.0216 0.0007 -0
1 2.0216 0.0007 2760.38

0 2.0223 0.0007 -0
1 2.0223 0.0007 3834.29

0 2.023 0.0007 -0
1 2.023 0.0007 2867.33

0 2.0237 0.0007 -0
1 2.0237 0.0007 2096.7

0 2.0244 0.0007 -0
1 2.0244 0.0007 2246.84

0 2.0251 0.0007 -0
1 2.0251 0.0007 3178.73

0 2.0258 0.0007 -0
1 2.0258 0.0007 3755.16

0 2.0265 0.0007 -0
1 2.0265 0.0007 2969.09

0 2.0272 0.0007 -0
1 2.0272 0.0007 2545.61

0 2.0279 0.0007 -0
1 2.0279 0.0007 3167.63

0 2.0286 0.0007 -0
1 2.0286 0.0007 3195.13

0 2.0293 0.0007 -0
1 2.0293 0.0007 2743.91

0 2.03 0.0007 -0
1 2.03 0.0007 2785.04

0 2.0307 0.0007 -0
1 2.0307 0.0007 2985.53

0 2.0314 0.0007 -0
1 2.0314 0.0007 2968.02

0 2.0321 0.0007 -0
1 2.0321 0.0007 3023.5

0 2.0328 0.0007 -0
1 2.0328 0.0007 2885.54

0 2.0335 0.0007 -0
1 2.0335 0.0007 3014.79

0 2.0342 0.0007 -0
1 2.0342 0.0007 3110.58

0 2.0349 0.0007 -0
1 2.0349 0.0007 2295.2

0 2.0356 0.0007 -0
1 2.0356 0.0007 2505.63

0 2.0363 0.0007 -0
1 2.0363 0.0007 4149.08

0 2.037 0.0007 -0
1 2.037 0.0007 2836.9

0 2.0377 0.0007 -0
1 2.0377 0.0007 2737.37

0 2.0384 0.0007 -0
1 2.0384 0.0007 2910.22

0 2.0391 0.0007 -0
1 2.0391 0.0007 2733.54

0 2.0398 0.0007 -0
1 2.0398 0.0007 3071.64

0 2.0405 0.0007 -0
1 2.0405 0.0007 2747.6

0 2.0412 0.0007 -0
1 2.0412 0.0007 3079.66

0 2.0419 0.0007 -0
1 2.0419 0.0007 2766.84

0 2.0426 0.0007 -0
1 2.0426 0.0007 2591.54

0 2.0433 0.0007 -0
1 2.0433 0.0007 2940.47

0 2.044 0.0007 -0
1 2.044 0.0007 3318.45

0 2.0447 0.0007 -0
1 2.0447 0.0007 2430.21

0 2.0454 0.0007 -0
1 2.0454 0.0007 2666.76

0 2.0461 0.0007 -0
1 2.0461 0.0007 3091.67

0 2.0468 0.0007 -0
1 2.0468 0.0007 4289.89

0 2.0475 0.0007 -0
1 2.0475 0.0007 3072.93

0 2.0482 0.0007 -0
1 2.0482 0.0007 2003.52

0 2.0489 0.0007 -0
1 2.0489 0.0007 2364.04

0 2.0496 0.0007 -0
1 2.0496 0.0007 2934.55

0 2.0503 0.0007 -0
1 2.0503 0.0007 3230

0 2.051 0.0007 -0
1 2.051 0.0007 2987.66

0 2.0517 0.0007 -0
1 2.0517 0.0007 2722.58

0 2.0524 0.0007 -0
1 2.0524 0.0007 3046.1

0 2.0531 0.0007 -0
1 2.0531 0.0007 3024.7

0 2.0538 0.0007 -0
1 2.0538 0.0007 3011.61

0 2.0545 0.0007 -0
1 2.0545 0.0007 2941.38

0 2.0552 0.0007 -0
1 2.0552 0.0007 3291.24

0 2.0559 0.0007 -0
1 2.0559 0.0007 3195.65

0 2.0566 0.0007 -0
1 2.0566 0.0007 2719.28

0 2.0573 0.0007 -0
1 2.0573 0.0007 3062.91

0 2.058 0.0007 -0
1 2.058 0.0007 2849.38

0 2.0587 0.0007 -0
1 2.0587 0.0007 2367.97

0 2.0594 0.0007 -0
1 2.0594 0.0007 4151.66

0 2.0601 0.0007 -0
1 2.0601 0.0007 2881.14

0 2.0608 0.0007 -0
1 2.0608 0.0007 2548.84

0 2.0615 0.0007 -0
1 2.0615 0.0007 3310.03

0 2.0622 0.0007 -0
1 2.0622 0.0007 2854.4

0 2.0629 0.0007 -0
1 2.0629 0.0007 2834.5

0 2.0636 0.0007 -0
1 2.0636 0.0007 3283.12

0 2.0643 0.0007 -0
1 2.0643 0.0007 3060.94

0 2.065 0.0007 -0
1 2.065 0.0007 2895.42

0 2.0657 0.0007 -0
1 2.0657 0.0007 2838.84

0 2.0664 0.0007 -0
1 2.0664 0.0007 2954.46

0 2.0671 0.0007 -0
1 2.0671 0.0007 3176.91

0 2.0678 0.0007 -0
1 2.0678 0.0007 2858.37

0 2.0685 0.0007 -0
1 2.0685 0.0007 2630.01

0 2.0692 0.0007 -0
1 2.0692 0.0007 3551.59

0 2.0699 0.0007 -0
1 2.0699 0.0007 3189.42

0 2.0706 0.0007 -0
1 2.0706 0.0007 2149.95

0 2.0713 0.0007 -0
1 2.0713 0.0007 2259.75

0 2.072 0.0007 -0
1 2.072 0.0007 2763.05

0 2.0727 0.0007 -0
1 2.0727 0.0007 3901.83

0 2.0734 0.0007 0
1 2.0734 0.0007 3126.36

0 2.0741 0.0007 0
1 2.0741 0.0007 2439.91

0 2.0748 0.0007 0
1 2.0748 0.0007 3006.74

0 2.0755 0.0007 0
1 2.0755 0.0007 3265.33

0 2.0762 0.0007 0
1 2.0762 0.0007 2869.59

0 2.0769 0.0007 0
1 2.0769 0.0007 2808.85

0 2.0776 0.0007 0
1 2.0776 0.0007 3038.65

0 2.0783 0.0007 0
1 2.0783 0.0007 2889.94

0 2.079 0.0007 0
1 2.079 0.0007 3120.74

0 2.0797 0.0007 0
1 2.0797 0.0007 2888.65

0 2.0804 0.0007 0
1 2.0804 0.0007 3039.09

0 2.0811 0.0007 0
1 2.0811 0.0007 3183.08

0 2.0818 0.0007 0
1 2.0818 0.0007 2342.53

0 2.0825 0.0007 0
1 2.0825 0.0007 2383.38

0 2.0832 0.0007 0
1 2.0832 0.0007 4259.82

0 2.0839 0.0007 0
1 2.0839 0.0007 2795.13

0 2.0846 0.0007 0
1 2.0846 0.0007 2645.43

0 2.0853 0.0007 0
1 2.0853 0.0007 3022.26

0 2.086 0.0007 0
1 2.086 0.0007 2870.53

0 2.0867 0.0007 0
1 2.0867 0.0007 2931.92

0 2.0874 0.0007 0
1 2.0874 0.0007 2857.47

0 2.0881 0.0007 0
1 2.0881 0.0007 2938.95

0 2.0888 0.0007 0
1 2.0888 0.0007 2969.86

0 2.0895 0.0007 0
1 2.0895 0.0007 2589.21

0 2.0902 0.0007 0
1 2.0902 0.0007 2911.1

0 2.0909 0.0007 0
1 2.0909 0.0007 3253.72

0 2.0916 0.0007 0
1 2.0916 0.0007 2488.91

0 2.0923 0.0007 0
1 2.0923 0.0007 2539.34

0 2.093 0.0007 0
1 2.093 0.0007 3141.86

0 2.0937 0.0007 0
1 2.0937 0.0007 4195.8

0 2.0944 0.0007 0
1 2.0944 0.0007 3385.88

0 2.0951 0.0007 0
1 2.0951 0.0007 2123.84

0 2.0958 0.0007 0
1 2.0958 0.0007 2275.52

0 2.0965 0.0007 -0
1 2.0965 0.0007 2879.6

0 2.0972 0.0007 -0
1 2.0972 0.0007 3198.16

0 2.0979 0.0007 -0
1 2.0979 0.0007 2851.33

0 2.0986 0.0007 -0
1 2.0986 0.0007 2714.15

0 2.0993 0.0007 -0
1 2.0993 0.0007 3120.78

0 2.1 0.0007 -0
1 2.1 0.0007 2980.9

