#Turbine    Time(s)    dt(s)    thrust (N)
0 1.659 0.0007 -166078
1 1.659 0.0007 1229.86

0 1.6597 0.0007 -166071
1 1.6597 0.0007 939.584

0 1.6604 0.0007 -166063
1 1.6604 0.0007 710.898

0 1.6611 0.0007 -166055
1 1.6611 0.0007 601.608

0 1.6618 0.0007 -166048
1 1.6618 0.0007 644.302

0 1.6625 0.0007 -166040
1 1.6625 0.0007 700.449

0 1.6632 0.0007 -166032
1 1.6632 0.0007 706.539

0 1.6639 0.0007 -166025
1 1.6639 0.0007 706.157

0 1.6646 0.0007 -166017
1 1.6646 0.0007 694.884

0 1.6653 0.0007 -166011
1 1.6653 0.0007 715.883

0 1.666 0.0007 -166004
1 1.666 0.0007 698.764

0 1.6667 0.0007 -165997
1 1.6667 0.0007 680.965

0 1.6674 0.0007 -165990
1 1.6674 0.0007 709.261

0 1.6681 0.0007 -165984
1 1.6681 0.0007 719.781

0 1.6688 0.0007 -165978
1 1.6688 0.0007 656.2

0 1.6695 0.0007 -165972
1 1.6695 0.0007 669.809

0 1.6702 0.0007 -165966
1 1.6702 0.0007 710.348

0 1.6709 0.0007 -165959
1 1.6709 0.0007 757.97

0 1.6716 0.0007 -165954
1 1.6716 0.0007 745.244

0 1.6723 0.0007 -165950
1 1.6723 0.0007 758.896

0 1.673 0.0007 -165945
1 1.673 0.0007 851.003

0 1.6737 0.0007 -165940
1 1.6737 0.0007 985.383

0 1.6744 0.0007 -165936
1 1.6744 0.0007 1056.11

0 1.6751 0.0007 -165933
1 1.6751 0.0007 1023.43

0 1.6758 0.0007 -165930
1 1.6758 0.0007 1037.69

0 1.6765 0.0007 -165926
1 1.6765 0.0007 1028.66

0 1.6772 0.0007 -165923
1 1.6772 0.0007 1035.15

0 1.6779 0.0007 -165920
1 1.6779 0.0007 1034.58

0 1.6786 0.0007 -165917
1 1.6786 0.0007 1039.36

0 1.6793 0.0007 -165914
1 1.6793 0.0007 1045.41

0 1.68 0.0007 -165911
1 1.68 0.0007 1024.48

0 1.6807 0.0007 -165909
1 1.6807 0.0007 1003

0 1.6814 0.0007 -165906
1 1.6814 0.0007 1044.16

0 1.6821 0.0007 -165903
1 1.6821 0.0007 994.055

0 1.6828 0.0007 -165900
1 1.6828 0.0007 959.479

0 1.6835 0.0007 -165897
1 1.6835 0.0007 1123.91

0 1.6842 0.0007 -165895
1 1.6842 0.0007 1024.55

0 1.6849 0.0007 -165892
1 1.6849 0.0007 985.361

0 1.6856 0.0007 -165888
1 1.6856 0.0007 1037.33

0 1.6863 0.0007 -165885
1 1.6863 0.0007 1004.91

0 1.687 0.0007 -165882
1 1.687 0.0007 1002.58

0 1.6877 0.0007 -165879
1 1.6877 0.0007 1037.17

0 1.6884 0.0007 -165876
1 1.6884 0.0007 1017.41

0 1.6891 0.0007 -165872
1 1.6891 0.0007 1019.26

0 1.6898 0.0007 -165868
1 1.6898 0.0007 1001.99

0 1.6905 0.0007 -165865
1 1.6905 0.0007 1025.01

0 1.6912 0.0007 -165861
1 1.6912 0.0007 1016.96

0 1.6919 0.0007 -165857
1 1.6919 0.0007 1007.22

0 1.6926 0.0007 -165852
1 1.6926 0.0007 1010.54

0 1.6933 0.0007 -165848
1 1.6933 0.0007 1103.97

0 1.694 0.0007 -165845
1 1.694 0.0007 1021.92

0 1.6947 0.0007 -165841
1 1.6947 0.0007 931.042

0 1.6954 0.0007 -165835
1 1.6954 0.0007 955.01

0 1.6961 0.0007 -165828
1 1.6961 0.0007 1027.14

0 1.6968 0.0007 -165823
1 1.6968 0.0007 1096.62

0 1.6975 0.0007 -165818
1 1.6975 0.0007 1047.92

0 1.6982 0.0007 -165812
1 1.6982 0.0007 996.751

0 1.6989 0.0007 -165806
1 1.6989 0.0007 1043.12

0 1.6996 0.0007 -165800
1 1.6996 0.0007 1052.7

0 1.7003 0.0007 -165794
1 1.7003 0.0007 1012.55

0 1.701 0.0007 -165788
1 1.701 0.0007 1014.15

0 1.7017 0.0007 -165782
1 1.7017 0.0007 1041.69

0 1.7024 0.0007 -165775
1 1.7024 0.0007 1037.36

0 1.7031 0.0007 -165769
1 1.7031 0.0007 1034.51

0 1.7038 0.0007 -165762
1 1.7038 0.0007 1002.39

0 1.7045 0.0007 -165755
1 1.7045 0.0007 1018.26

0 1.7052 0.0007 -165749
1 1.7052 0.0007 994.73

0 1.7059 0.0007 -165741
1 1.7059 0.0007 908.818

0 1.7066 0.0007 -165735
1 1.7066 0.0007 898.909

0 1.7073 0.0007 -165728
1 1.7073 0.0007 1034.95

0 1.708 0.0007 -165721
1 1.708 0.0007 919.747

0 1.7087 0.0007 -165715
1 1.7087 0.0007 904.835

0 1.7094 0.0007 -165707
1 1.7094 0.0007 912.463

0 1.7101 0.0007 -165701
1 1.7101 0.0007 899.978

0 1.7108 0.0007 -165695
1 1.7108 0.0007 928.333

0 1.7115 0.0007 -165688
1 1.7115 0.0007 902.216

0 1.7122 0.0007 -165682
1 1.7122 0.0007 931.906

0 1.7129 0.0007 -165676
1 1.7129 0.0007 911.33

0 1.7136 0.0007 -165670
1 1.7136 0.0007 898.73

0 1.7143 0.0007 -165665
1 1.7143 0.0007 914.696

0 1.715 0.0007 -165659
1 1.715 0.0007 945.902

0 1.7157 0.0007 -165654
1 1.7157 0.0007 875.161

0 1.7164 0.0007 -165649
1 1.7164 0.0007 905.316

0 1.7171 0.0007 -165644
1 1.7171 0.0007 959.009

0 1.7178 0.0007 -165638
1 1.7178 0.0007 1034.88

0 1.7185 0.0007 -165634
1 1.7185 0.0007 945.748

0 1.7192 0.0007 -165631
1 1.7192 0.0007 868.868

0 1.7199 0.0007 -165626
1 1.7199 0.0007 901.894

0 1.7206 0.0007 -165622
1 1.7206 0.0007 971.195

0 1.7213 0.0007 -165619
1 1.7213 0.0007 998.376

0 1.722 0.0007 -165615
1 1.722 0.0007 984.895

0 1.7227 0.0007 -165612
1 1.7227 0.0007 972.302

0 1.7234 0.0007 -165608
1 1.7234 0.0007 990.854

0 1.7241 0.0007 -165605
1 1.7241 0.0007 987.159

0 1.7248 0.0007 -165602
1 1.7248 0.0007 991.151

0 1.7255 0.0007 -165599
1 1.7255 0.0007 994.362

0 1.7262 0.0007 -165596
1 1.7262 0.0007 1016.2

0 1.7269 0.0007 -165594
1 1.7269 0.0007 1004.91

0 1.7276 0.0007 -165591
1 1.7276 0.0007 975.629

0 1.7283 0.0007 -165589
1 1.7283 0.0007 1000.65

0 1.729 0.0007 -165586
1 1.729 0.0007 985.01

0 1.7297 0.0007 -165583
1 1.7297 0.0007 933.76

0 1.7304 0.0007 -165580
1 1.7304 0.0007 1106.42

0 1.7311 0.0007 -165578
1 1.7311 0.0007 989.981

0 1.7318 0.0007 -165576
1 1.7318 0.0007 955.027

0 1.7325 0.0007 -165573
1 1.7325 0.0007 1012.09

0 1.7332 0.0007 -165570
1 1.7332 0.0007 986.068

0 1.7339 0.0007 -165567
1 1.7339 0.0007 983.404

0 1.7346 0.0007 -165564
1 1.7346 0.0007 1023.72

0 1.7353 0.0007 -165561
1 1.7353 0.0007 1001.8

0 1.736 0.0007 -165557
1 1.736 0.0007 1000.35

0 1.7367 0.0007 -165554
1 1.7367 0.0007 979.564

0 1.7374 0.0007 -165550
1 1.7374 0.0007 999.441

0 1.7381 0.0007 -165547
1 1.7381 0.0007 998.519

0 1.7388 0.0007 -165544
1 1.7388 0.0007 989.586

0 1.7395 0.0007 -165539
1 1.7395 0.0007 985.752

0 1.7402 0.0007 -165535
1 1.7402 0.0007 1057.32

0 1.7409 0.0007 -165531
1 1.7409 0.0007 1020.26

0 1.7416 0.0007 -165528
1 1.7416 0.0007 915.586

0 1.7423 0.0007 -165522
1 1.7423 0.0007 929.835

0 1.743 0.0007 -165516
1 1.743 0.0007 970.214

0 1.7437 0.0007 -165511
1 1.7437 0.0007 1078.78

0 1.7444 0.0007 -165506
1 1.7444 0.0007 1018.95

0 1.7451 0.0007 -165501
1 1.7451 0.0007 962.641

0 1.7458 0.0007 -165494
1 1.7458 0.0007 1014.91

0 1.7465 0.0007 -165489
1 1.7465 0.0007 1015.05

0 1.7472 0.0007 -165483
1 1.7472 0.0007 989.313

0 1.7479 0.0007 -165477
1 1.7479 0.0007 981.983

0 1.7486 0.0007 -165471
1 1.7486 0.0007 1008.14

0 1.7493 0.0007 -165465
1 1.7493 0.0007 981.844

0 1.75 0.0007 -165459
1 1.75 0.0007 996.569

0 1.7507 0.0007 -165452
1 1.7507 0.0007 970.807

0 1.7514 0.0007 -165446
1 1.7514 0.0007 994.823

0 1.7521 0.0007 -165440
1 1.7521 0.0007 992.833

0 1.7528 0.0007 -165432
1 1.7528 0.0007 911.678

0 1.7535 0.0007 -165426
1 1.7535 0.0007 906.849

0 1.7542 0.0007 -165420
1 1.7542 0.0007 1091.69

0 1.7549 0.0007 -165413
1 1.7549 0.0007 945.65

0 1.7556 0.0007 -165407
1 1.7556 0.0007 928.502

0 1.7563 0.0007 -165400
1 1.7563 0.0007 956.801

0 1.757 0.0007 -165394
1 1.757 0.0007 948.144

0 1.7577 0.0007 -165388
1 1.7577 0.0007 955.209

0 1.7584 0.0007 -165382
1 1.7584 0.0007 941.522

0 1.7591 0.0007 -165376
1 1.7591 0.0007 951.226

0 1.7598 0.0007 -165371
1 1.7598 0.0007 952.925

0 1.7605 0.0007 -165365
1 1.7605 0.0007 933.83

0 1.7612 0.0007 -165360
1 1.7612 0.0007 955.572

0 1.7619 0.0007 -165354
1 1.7619 0.0007 968.944

0 1.7626 0.0007 -165350
1 1.7626 0.0007 919.382

0 1.7633 0.0007 -165345
1 1.7633 0.0007 933.345

0 1.764 0.0007 -165340
1 1.764 0.0007 987.199

0 1.7647 0.0007 -165335
1 1.7647 0.0007 1071.66

0 1.7654 0.0007 -165331
1 1.7654 0.0007 994.673

0 1.7661 0.0007 -165328
1 1.7661 0.0007 891.345

0 1.7668 0.0007 -165324
1 1.7668 0.0007 904.124

0 1.7675 0.0007 -165320
1 1.7675 0.0007 973.046

0 1.7682 0.0007 -165317
1 1.7682 0.0007 987.453

0 1.7689 0.0007 -165314
1 1.7689 0.0007 983.341

0 1.7696 0.0007 -165311
1 1.7696 0.0007 959.784

0 1.7703 0.0007 -165307
1 1.7703 0.0007 992.473

0 1.771 0.0007 -165304
1 1.771 0.0007 970.868

0 1.7717 0.0007 -165302
1 1.7717 0.0007 980.353

0 1.7724 0.0007 -165299
1 1.7724 0.0007 982.26

0 1.7731 0.0007 -165296
1 1.7731 0.0007 1002.38

0 1.7738 0.0007 -165294
1 1.7738 0.0007 998.766

0 1.7745 0.0007 -165291
1 1.7745 0.0007 966.208

0 1.7752 0.0007 -165289
1 1.7752 0.0007 984.742

0 1.7759 0.0007 -165287
1 1.7759 0.0007 988.48

0 1.7766 0.0007 -165284
1 1.7766 0.0007 940.846

0 1.7773 0.0007 -165281
1 1.7773 0.0007 1099.13

0 1.778 0.0007 -165280
1 1.778 0.0007 994.412

0 1.7787 0.0007 -165277
1 1.7787 0.0007 955.522

0 1.7794 0.0007 -165274
1 1.7794 0.0007 1000.05

0 1.7801 0.0007 -165272
1 1.7801 0.0007 975.063

0 1.7808 0.0007 -165269
1 1.7808 0.0007 967.693

0 1.7815 0.0007 -165266
1 1.7815 0.0007 1001.1

0 1.7822 0.0007 -165263
1 1.7822 0.0007 998.691

0 1.7829 0.0007 -165260
1 1.7829 0.0007 993.805

0 1.7836 0.0007 -165257
1 1.7836 0.0007 975.387

0 1.7843 0.0007 -165254
1 1.7843 0.0007 975.157

0 1.785 0.0007 -165251
1 1.785 0.0007 997.017

0 1.7857 0.0007 -165248
1 1.7857 0.0007 984.202

0 1.7864 0.0007 -165243
1 1.7864 0.0007 970.968

0 1.7871 0.0007 -165239
1 1.7871 0.0007 1036.37

0 1.7878 0.0007 -165236
1 1.7878 0.0007 1023.84

0 1.7885 0.0007 -165232
1 1.7885 0.0007 903.376

0 1.7892 0.0007 -165227
1 1.7892 0.0007 921.572

0 1.7899 0.0007 -165221
1 1.7899 0.0007 939.46

0 1.7906 0.0007 -165216
1 1.7906 0.0007 1055.53

0 1.7913 0.0007 -165212
1 1.7913 0.0007 1028.45

0 1.792 0.0007 -165207
1 1.792 0.0007 948.204

0 1.7927 0.0007 -165201
1 1.7927 0.0007 980.149

0 1.7934 0.0007 -165195
1 1.7934 0.0007 1010.61

0 1.7941 0.0007 -165190
1 1.7941 0.0007 986.369

0 1.7948 0.0007 -165184
1 1.7948 0.0007 966.895

0 1.7955 0.0007 -165179
1 1.7955 0.0007 1005.8

0 1.7962 0.0007 -165172
1 1.7962 0.0007 980.473

0 1.7969 0.0007 -165167
1 1.7969 0.0007 982.255

0 1.7976 0.0007 -165160
1 1.7976 0.0007 964.322

0 1.7983 0.0007 -165154
1 1.7983 0.0007 985.597

0 1.799 0.0007 -165148
1 1.799 0.0007 998.5

0 1.7997 0.0007 -165141
1 1.7997 0.0007 915.413

0 1.8004 0.0007 -165135
1 1.8004 0.0007 909.278

0 1.8011 0.0007 -165129
1 1.8011 0.0007 1084.79

0 1.8018 0.0007 -165122
1 1.8018 0.0007 970.487

0 1.8025 0.0007 -165116
1 1.8025 0.0007 928.15

0 1.8032 0.0007 -165110
1 1.8032 0.0007 968.374

0 1.8039 0.0007 -165103
1 1.8039 0.0007 976.527

0 1.8046 0.0007 -165098
1 1.8046 0.0007 966.495

0 1.8053 0.0007 -165092
1 1.8053 0.0007 949.684

0 1.806 0.0007 -165086
1 1.806 0.0007 946.384

0 1.8067 0.0007 -165081
1 1.8067 0.0007 966.981

0 1.8074 0.0007 -165076
1 1.8074 0.0007 947.139

0 1.8081 0.0007 -165071
1 1.8081 0.0007 960.715

0 1.8088 0.0007 -165066
1 1.8088 0.0007 990.137

0 1.8095 0.0007 -165061
1 1.8095 0.0007 927.971

0 1.8102 0.0007 -165057
1 1.8102 0.0007 934.956

0 1.8109 0.0007 -165052
1 1.8109 0.0007 986.62

0 1.8116 0.0007 -165047
1 1.8116 0.0007 1079.2

0 1.8123 0.0007 -165043
1 1.8123 0.0007 1025.34

0 1.813 0.0007 -165040
1 1.813 0.0007 913.232

0 1.8137 0.0007 -165037
1 1.8137 0.0007 887.589

0 1.8144 0.0007 -165033
1 1.8144 0.0007 962.616

0 1.8151 0.0007 -165030
1 1.8151 0.0007 987.245

0 1.8158 0.0007 -165027
1 1.8158 0.0007 973.212

0 1.8165 0.0007 -165024
1 1.8165 0.0007 961.15

0 1.8172 0.0007 -165021
1 1.8172 0.0007 990.924

0 1.8179 0.0007 -165018
1 1.8179 0.0007 979.488

0 1.8186 0.0007 -165016
1 1.8186 0.0007 980.863

0 1.8193 0.0007 -165013
1 1.8193 0.0007 966.688

0 1.82 0.0007 -165011
1 1.82 0.0007 990.264

0 1.8207 0.0007 -165008
1 1.8207 0.0007 1008.36

0 1.8214 0.0007 -165006
1 1.8214 0.0007 953.625

0 1.8221 0.0007 -165004
1 1.8221 0.0007 980.943

0 1.8228 0.0007 -165002
1 1.8228 0.0007 986.372

0 1.8235 0.0007 -164999
1 1.8235 0.0007 943.987

0 1.8242 0.0007 -164997
1 1.8242 0.0007 914.378

0 1.8249 0.0007 -164994
1 1.8249 0.0007 1048.38

0 1.8256 0.0007 -164992
1 1.8256 0.0007 965.387

0 1.8263 0.0007 -164990
1 1.8263 0.0007 993.562

0 1.827 0.0007 -164987
1 1.827 0.0007 988.278

0 1.8277 0.0007 -164985
1 1.8277 0.0007 939.441

0 1.8284 0.0007 -164982
1 1.8284 0.0007 998.477

0 1.8291 0.0007 -164979
1 1.8291 0.0007 994.657

0 1.8298 0.0007 -164977
1 1.8298 0.0007 988.391

0 1.8305 0.0007 -164974
1 1.8305 0.0007 972.081

0 1.8312 0.0007 -164970
1 1.8312 0.0007 970.849

0 1.8319 0.0007 -164968
1 1.8319 0.0007 993.923

0 1.8326 0.0007 -164965
1 1.8326 0.0007 975.414

0 1.8333 0.0007 -164960
1 1.8333 0.0007 972.387

0 1.834 0.0007 -164956
1 1.834 0.0007 1008.62

0 1.8347 0.0007 -164953
1 1.8347 0.0007 1040.99

0 1.8354 0.0007 -164950
1 1.8354 0.0007 905.915

0 1.8361 0.0007 -164946
1 1.8361 0.0007 913.695

0 1.8368 0.0007 -164940
1 1.8368 0.0007 917.844

0 1.8375 0.0007 -164934
1 1.8375 0.0007 1045.27

0 1.8382 0.0007 -164930
1 1.8382 0.0007 1036.87

0 1.8389 0.0007 -164926
1 1.8389 0.0007 957.168

0 1.8396 0.0007 -164920
1 1.8396 0.0007 956.693

0 1.8403 0.0007 -164915
1 1.8403 0.0007 1009.5

0 1.841 0.0007 -164909
1 1.841 0.0007 992.512

0 1.8417 0.0007 -164904
1 1.8417 0.0007 956.089

0 1.8424 0.0007 -164899
1 1.8424 0.0007 998.544

0 1.8431 0.0007 -164893
1 1.8431 0.0007 976.247

0 1.8438 0.0007 -164887
1 1.8438 0.0007 968.753

0 1.8445 0.0007 -164881
1 1.8445 0.0007 971.674

0 1.8452 0.0007 -164875
1 1.8452 0.0007 975.175

0 1.8459 0.0007 -164869
1 1.8459 0.0007 1007.84

0 1.8466 0.0007 -164862
1 1.8466 0.0007 921.738

0 1.8473 0.0007 -164856
1 1.8473 0.0007 914.365

0 1.848 0.0007 -164850
1 1.848 0.0007 1098.23

0 1.8487 0.0007 -164843
1 1.8487 0.0007 972.303

0 1.8494 0.0007 -164838
1 1.8494 0.0007 925.61

0 1.8501 0.0007 -164832
1 1.8501 0.0007 972.356

0 1.8508 0.0007 -164826
1 1.8508 0.0007 974.225

0 1.8515 0.0007 -164820
1 1.8515 0.0007 954.916

0 1.8522 0.0007 -164815
1 1.8522 0.0007 952.137

0 1.8529 0.0007 -164809
1 1.8529 0.0007 951.844

0 1.8536 0.0007 -164804
1 1.8536 0.0007 969.137

0 1.8543 0.0007 -164799
1 1.8543 0.0007 953.281

0 1.855 0.0007 -164794
1 1.855 0.0007 961.764

0 1.8557 0.0007 -164789
1 1.8557 0.0007 983.473

0 1.8564 0.0007 -164785
1 1.8564 0.0007 955.325

0 1.8571 0.0007 -164781
1 1.8571 0.0007 928.934

0 1.8578 0.0007 -164776
1 1.8578 0.0007 973.624

0 1.8585 0.0007 -164771
1 1.8585 0.0007 1054.46

0 1.8592 0.0007 -164768
1 1.8592 0.0007 1047.85

0 1.8599 0.0007 -164764
1 1.8599 0.0007 922.596

0 1.8606 0.0007 -164761
1 1.8606 0.0007 898.577

0 1.8613 0.0007 -164758
1 1.8613 0.0007 950.308

0 1.862 0.0007 -164755
1 1.862 0.0007 990.064

0 1.8627 0.0007 -164752
1 1.8627 0.0007 976.809

0 1.8634 0.0007 -164749
1 1.8634 0.0007 959.463

0 1.8641 0.0007 -164746
1 1.8641 0.0007 989.322

0 1.8648 0.0007 -164744
1 1.8648 0.0007 969.786

0 1.8655 0.0007 -164741
1 1.8655 0.0007 985.802

0 1.8662 0.0007 -164739
1 1.8662 0.0007 975.811

0 1.8669 0.0007 -164737
1 1.8669 0.0007 989.474

0 1.8676 0.0007 -164734
1 1.8676 0.0007 994.717

0 1.8683 0.0007 -164732
1 1.8683 0.0007 957.749

0 1.869 0.0007 -164730
1 1.869 0.0007 968.219

0 1.8697 0.0007 -164728
1 1.8697 0.0007 991.199

0 1.8704 0.0007 -164726
1 1.8704 0.0007 940.531

0 1.8711 0.0007 -164724
1 1.8711 0.0007 912.408

0 1.8718 0.0007 -164721
1 1.8718 0.0007 1062.42

0 1.8725 0.0007 -164720
1 1.8725 0.0007 977.588

0 1.8732 0.0007 -164717
1 1.8732 0.0007 985.879

0 1.8739 0.0007 -164715
1 1.8739 0.0007 987.262

0 1.8746 0.0007 -164713
1 1.8746 0.0007 941.226

0 1.8753 0.0007 -164710
1 1.8753 0.0007 991.686

0 1.876 0.0007 -164708
1 1.876 0.0007 1001.23

0 1.8767 0.0007 -164705
1 1.8767 0.0007 987.591

0 1.8774 0.0007 -164703
1 1.8774 0.0007 971.347

0 1.8781 0.0007 -164700
1 1.8781 0.0007 959.74

0 1.8788 0.0007 -164697
1 1.8788 0.0007 989.957

0 1.8795 0.0007 -164694
1 1.8795 0.0007 959.049

0 1.8802 0.0007 -164690
1 1.8802 0.0007 971.744

0 1.8809 0.0007 -164686
1 1.8809 0.0007 998.403

0 1.8816 0.0007 -164683
1 1.8816 0.0007 1042.9

0 1.8823 0.0007 -164680
1 1.8823 0.0007 927.136

0 1.883 0.0007 -164677
1 1.883 0.0007 902.295

0 1.8837 0.0007 -164671
1 1.8837 0.0007 910.171

0 1.8844 0.0007 -164666
1 1.8844 0.0007 1028.3

0 1.8851 0.0007 -164662
1 1.8851 0.0007 1044.18

0 1.8858 0.0007 -164658
1 1.8858 0.0007 962.052

0 1.8865 0.0007 -164652
1 1.8865 0.0007 950.58

0 1.8872 0.0007 -164647
1 1.8872 0.0007 1006.22

0 1.8879 0.0007 -164642
1 1.8879 0.0007 996.576

0 1.8886 0.0007 -164637
1 1.8886 0.0007 958.795

0 1.8893 0.0007 -164631
1 1.8893 0.0007 972.223

0 1.89 0.0007 -164626
1 1.89 0.0007 975.208

0 1.8907 0.0007 -164620
1 1.8907 0.0007 970.292

0 1.8914 0.0007 -164615
1 1.8914 0.0007 979.565

0 1.8921 0.0007 -164608
1 1.8921 0.0007 974.441

0 1.8928 0.0007 -164603
1 1.8928 0.0007 1005.79

0 1.8935 0.0007 -164597
1 1.8935 0.0007 932.574

0 1.8942 0.0007 -164590
1 1.8942 0.0007 897.647

0 1.8949 0.0007 -164585
1 1.8949 0.0007 1107.17

0 1.8956 0.0007 -164578
1 1.8956 0.0007 985.072

0 1.8963 0.0007 -164572
1 1.8963 0.0007 922.161

0 1.897 0.0007 -164567
1 1.897 0.0007 965.068

0 1.8977 0.0007 -164561
1 1.8977 0.0007 986.973

0 1.8984 0.0007 -164556
1 1.8984 0.0007 967.389

0 1.8991 0.0007 -164550
1 1.8991 0.0007 958.287

0 1.8998 0.0007 -164545
1 1.8998 0.0007 953.91

0 1.9005 0.0007 -164540
1 1.9005 0.0007 964.197

0 1.9012 0.0007 -164535
1 1.9012 0.0007 956.342

0 1.9019 0.0007 -164530
1 1.9019 0.0007 961.506

0 1.9026 0.0007 -164525
1 1.9026 0.0007 979.445

0 1.9033 0.0007 -164521
1 1.9033 0.0007 967.981

0 1.904 0.0007 -164517
1 1.904 0.0007 926.536

0 1.9047 0.0007 -164513
1 1.9047 0.0007 964.444

0 1.9054 0.0007 -164508
1 1.9054 0.0007 1028.74

0 1.9061 0.0007 -164505
1 1.9061 0.0007 1060.92

0 1.9068 0.0007 -164502
1 1.9068 0.0007 948.22

0 1.9075 0.0007 -164499
1 1.9075 0.0007 895.705

0 1.9082 0.0007 -164496
1 1.9082 0.0007 941.344

0 1.9089 0.0007 -164493
1 1.9089 0.0007 986.166

0 1.9096 0.0007 -164490
1 1.9096 0.0007 981.152

0 1.9103 0.0007 -164488
1 1.9103 0.0007 970.333

0 1.911 0.0007 -164485
1 1.911 0.0007 976.881

0 1.9117 0.0007 -164482
1 1.9117 0.0007 972.329

0 1.9124 0.0007 -164480
1 1.9124 0.0007 974.558

0 1.9131 0.0007 -164478
1 1.9131 0.0007 974.618

0 1.9138 0.0007 -164476
1 1.9138 0.0007 989.12

0 1.9145 0.0007 -164473
1 1.9145 0.0007 995.318

0 1.9152 0.0007 -164472
1 1.9152 0.0007 969.099

0 1.9159 0.0007 -164470
1 1.9159 0.0007 955.256

0 1.9166 0.0007 -164468
1 1.9166 0.0007 1002.11

0 1.9173 0.0007 -164466
1 1.9173 0.0007 949.107

0 1.918 0.0007 -164464
1 1.918 0.0007 910.306

0 1.9187 0.0007 -164462
1 1.9187 0.0007 1076.79

0 1.9194 0.0007 -164461
1 1.9194 0.0007 975.607

0 1.9201 0.0007 -164458
1 1.9201 0.0007 973.076

0 1.9208 0.0007 -164456
1 1.9208 0.0007 992.451

0 1.9215 0.0007 -164454
1 1.9215 0.0007 949.954

0 1.9222 0.0007 -164452
1 1.9222 0.0007 979.511

0 1.9229 0.0007 -164449
1 1.9229 0.0007 1000.38

0 1.9236 0.0007 -164447
1 1.9236 0.0007 982.173

0 1.9243 0.0007 -164444
1 1.9243 0.0007 983.627

0 1.925 0.0007 -164442
1 1.925 0.0007 953.966

0 1.9257 0.0007 -164439
1 1.9257 0.0007 1000.37

0 1.9264 0.0007 -164437
1 1.9264 0.0007 954.512

0 1.9271 0.0007 -164433
1 1.9271 0.0007 962.836

0 1.9278 0.0007 -164429
1 1.9278 0.0007 985.723

0 1.9285 0.0007 -164426
1 1.9285 0.0007 1051.68

0 1.9292 0.0007 -164424
1 1.9292 0.0007 931.558

0 1.9299 0.0007 -164420
1 1.9299 0.0007 901.043

0 1.9306 0.0007 -164415
1 1.9306 0.0007 905.869

0 1.9313 0.0007 -164410
1 1.9313 0.0007 1018.47

0 1.932 0.0007 -164406
1 1.932 0.0007 1051.14

0 1.9327 0.0007 -164402
1 1.9327 0.0007 969.298

0 1.9334 0.0007 -164397
1 1.9334 0.0007 939.153

0 1.9341 0.0007 -164391
1 1.9341 0.0007 998.252

0 1.9348 0.0007 -164387
1 1.9348 0.0007 994.026

0 1.9355 0.0007 -164382
1 1.9355 0.0007 961.742

0 1.9362 0.0007 -164377
1 1.9362 0.0007 960.964

0 1.9369 0.0007 -164371
1 1.9369 0.0007 981.849

0 1.9376 0.0007 -164366
1 1.9376 0.0007 978.128

0 1.9383 0.0007 -164361
1 1.9383 0.0007 985.632

0 1.939 0.0007 -164354
1 1.939 0.0007 947.564

0 1.9397 0.0007 -164349
1 1.9397 0.0007 993.574

0 1.9404 0.0007 -164343
1 1.9404 0.0007 952.007

0 1.9411 0.0007 -164337
1 1.9411 0.0007 912.225

0 1.9418 0.0007 -164332
1 1.9418 0.0007 1107.73

0 1.9425 0.0007 -164325
1 1.9425 0.0007 993.13

0 1.9432 0.0007 -164319
1 1.9432 0.0007 910.038

0 1.9439 0.0007 -164314
1 1.9439 0.0007 972.112

0 1.9446 0.0007 -164308
1 1.9446 0.0007 974.795

0 1.9453 0.0007 -164303
1 1.9453 0.0007 971.009

0 1.946 0.0007 -164298
1 1.946 0.0007 962.373

0 1.9467 0.0007 -164292
1 1.9467 0.0007 945.596

0 1.9474 0.0007 -164288
1 1.9474 0.0007 978.737

0 1.9481 0.0007 -164283
1 1.9481 0.0007 962.573

0 1.9488 0.0007 -164278
1 1.9488 0.0007 955.104

0 1.9495 0.0007 -164274
1 1.9495 0.0007 977.257

0 1.9502 0.0007 -164269
1 1.9502 0.0007 983.45

0 1.9509 0.0007 -164266
1 1.9509 0.0007 923.385

0 1.9516 0.0007 -164262
1 1.9516 0.0007 968.374

0 1.9523 0.0007 -164257
1 1.9523 0.0007 1012.44

0 1.953 0.0007 -164254
1 1.953 0.0007 1075.5

0 1.9537 0.0007 -164251
1 1.9537 0.0007 961.486

0 1.9544 0.0007 -164248
1 1.9544 0.0007 891.499

0 1.9551 0.0007 -164245
1 1.9551 0.0007 917.113

0 1.9558 0.0007 -164242
1 1.9558 0.0007 984.548

0 1.9565 0.0007 -164240
1 1.9565 0.0007 991.002

0 1.9572 0.0007 -164237
1 1.9572 0.0007 968.128

0 1.9579 0.0007 -164235
1 1.9579 0.0007 976.387

0 1.9586 0.0007 -164232
1 1.9586 0.0007 968.072

0 1.9593 0.0007 -164230
1 1.9593 0.0007 975.448

0 1.96 0.0007 -164228
1 1.96 0.0007 981.744

0 1.9607 0.0007 -164226
1 1.9607 0.0007 983.047

0 1.9614 0.0007 -164224
1 1.9614 0.0007 998.763

0 1.9621 0.0007 -164222
1 1.9621 0.0007 966.32

0 1.9628 0.0007 -164221
1 1.9628 0.0007 956.844

0 1.9635 0.0007 -164219
1 1.9635 0.0007 1011.68

0 1.9642 0.0007 -164218
1 1.9642 0.0007 944.917

0 1.9649 0.0007 -164215
1 1.9649 0.0007 917.07

0 1.9656 0.0007 -164213
1 1.9656 0.0007 1071.86

0 1.9663 0.0007 -164212
1 1.9663 0.0007 975.118

0 1.967 0.0007 -164210
1 1.967 0.0007 957.029

0 1.9677 0.0007 -164208
1 1.9677 0.0007 997.517

0 1.9684 0.0007 -164206
1 1.9684 0.0007 967.086

0 1.9691 0.0007 -164204
1 1.9691 0.0007 963.883

0 1.9698 0.0007 -164202
1 1.9698 0.0007 995.949

0 1.9705 0.0007 -164200
1 1.9705 0.0007 980.108

0 1.9712 0.0007 -164197
1 1.9712 0.0007 980.003

0 1.9719 0.0007 -164194
1 1.9719 0.0007 954.891

0 1.9726 0.0007 -164192
1 1.9726 0.0007 987.596

0 1.9733 0.0007 -164190
1 1.9733 0.0007 966.295

0 1.974 0.0007 -164187
1 1.974 0.0007 958.253

0 1.9747 0.0007 -164182
1 1.9747 0.0007 981.626

0 1.9754 0.0007 -164180
1 1.9754 0.0007 1056.59

0 1.9761 0.0007 -164177
1 1.9761 0.0007 951.184

0 1.9768 0.0007 -164174
1 1.9768 0.0007 902.661

0 1.9775 0.0007 -164169
1 1.9775 0.0007 911.229

0 1.9782 0.0007 -164164
1 1.9782 0.0007 991.06

0 1.9789 0.0007 -164160
1 1.9789 0.0007 1052.79

0 1.9796 0.0007 -164156
1 1.9796 0.0007 980.105

0 1.9803 0.0007 -164151
1 1.9803 0.0007 947.751

0 1.981 0.0007 -164146
1 1.981 0.0007 994.192

0 1.9817 0.0007 -164142
1 1.9817 0.0007 1003.67

0 1.9824 0.0007 -164137
1 1.9824 0.0007 958.493

0 1.9831 0.0007 -164132
1 1.9831 0.0007 965.627

0 1.9838 0.0007 -164126
1 1.9838 0.0007 984.747

0 1.9845 0.0007 -164122
1 1.9845 0.0007 965.147

0 1.9852 0.0007 -164116
1 1.9852 0.0007 970.42

0 1.9859 0.0007 -164110
1 1.9859 0.0007 959.33

0 1.9866 0.0007 -164105
1 1.9866 0.0007 990.4

0 1.9873 0.0007 -164099
1 1.9873 0.0007 966.181

0 1.988 0.0007 -164093
1 1.988 0.0007 922.533

0 1.9887 0.0007 -164088
1 1.9887 0.0007 910.394

0 1.9894 0.0007 -164082
1 1.9894 0.0007 1065.08

0 1.9901 0.0007 -164076
1 1.9901 0.0007 956.129

0 1.9908 0.0007 -164071
1 1.9908 0.0007 960.518

0 1.9915 0.0007 -164065
1 1.9915 0.0007 980.293

0 1.9922 0.0007 -164060
1 1.9922 0.0007 963.027

0 1.9929 0.0007 -164056
1 1.9929 0.0007 971.324

0 1.9936 0.0007 -164050
1 1.9936 0.0007 950.428

0 1.9943 0.0007 -164046
1 1.9943 0.0007 975.37

0 1.995 0.0007 -164041
1 1.995 0.0007 953.624

0 1.9957 0.0007 -164036
1 1.9957 0.0007 949.482

0 1.9964 0.0007 -164032
1 1.9964 0.0007 980.385

0 1.9971 0.0007 -164028
1 1.9971 0.0007 991.968

0 1.9978 0.0007 -164024
1 1.9978 0.0007 922.778

0 1.9985 0.0007 -164020
1 1.9985 0.0007 958.686

0 1.9992 0.0007 -164016
1 1.9992 0.0007 1006.67

0 1.9999 0.0007 -164012
1 1.9999 0.0007 1081.66

0 2.0006 0.0007 -164009
1 2.0006 0.0007 976.154

0 2.0013 0.0007 -164007
1 2.0013 0.0007 904.953

0 2.002 0.0007 -164004
1 2.002 0.0007 917.455

0 2.0027 0.0007 -164001
1 2.0027 0.0007 969.923

0 2.0034 0.0007 -163999
1 2.0034 0.0007 1001.58

0 2.0041 0.0007 -163997
1 2.0041 0.0007 964.574

0 2.0048 0.0007 -163994
1 2.0048 0.0007 967.905

0 2.0055 0.0007 -163992
1 2.0055 0.0007 969.707

0 2.0062 0.0007 -163990
1 2.0062 0.0007 971.31

0 2.0069 0.0007 -163988
1 2.0069 0.0007 972.495

0 2.0076 0.0007 -163986
1 2.0076 0.0007 991.011

0 2.0083 0.0007 -163984
1 2.0083 0.0007 997.948

0 2.009 0.0007 -163982
1 2.009 0.0007 978.638

0 2.0097 0.0007 -163981
1 2.0097 0.0007 956.153

0 2.0104 0.0007 -163979
1 2.0104 0.0007 989.847

0 2.0111 0.0007 -163978
1 2.0111 0.0007 952.438

0 2.0118 0.0007 -163976
1 2.0118 0.0007 915.066

0 2.0125 0.0007 -163974
1 2.0125 0.0007 1077.17

0 2.0132 0.0007 -163973
1 2.0132 0.0007 983.248

0 2.0139 0.0007 -163971
1 2.0139 0.0007 936.725

0 2.0146 0.0007 -163969
1 2.0146 0.0007 994.663

0 2.0153 0.0007 -163967
1 2.0153 0.0007 970.483

0 2.016 0.0007 -163965
1 2.016 0.0007 962.137

0 2.0167 0.0007 -163963
1 2.0167 0.0007 994.589

0 2.0174 0.0007 -163961
1 2.0174 0.0007 976.653

0 2.0181 0.0007 -163959
1 2.0181 0.0007 970.974

0 2.0188 0.0007 -163956
1 2.0188 0.0007 954.344

0 2.0195 0.0007 -163954
1 2.0195 0.0007 976.004

0 2.0202 0.0007 -163951
1 2.0202 0.0007 977.333

0 2.0209 0.0007 -163949
1 2.0209 0.0007 968.235

0 2.0216 0.0007 -163945
1 2.0216 0.0007 970.043

0 2.0223 0.0007 -163942
1 2.0223 0.0007 1050.27

0 2.023 0.0007 -163939
1 2.023 0.0007 973.446

0 2.0237 0.0007 -163936
1 2.0237 0.0007 896.118

0 2.0244 0.0007 -163932
1 2.0244 0.0007 905.141

0 2.0251 0.0007 -163927
1 2.0251 0.0007 974.546

0 2.0258 0.0007 -163923
1 2.0258 0.0007 1046.46

0 2.0265 0.0007 -163919
1 2.0265 0.0007 988.153

0 2.0272 0.0007 -163915
1 2.0272 0.0007 942.904

0 2.0279 0.0007 -163909
1 2.0279 0.0007 991.111

0 2.0286 0.0007 -163905
1 2.0286 0.0007 998.016

0 2.0293 0.0007 -163900
1 2.0293 0.0007 956.876

0 2.03 0.0007 -163895
1 2.03 0.0007 964.977

0 2.0307 0.0007 -163890
1 2.0307 0.0007 983.545

0 2.0314 0.0007 -163885
1 2.0314 0.0007 973.817

0 2.0321 0.0007 -163880
1 2.0321 0.0007 973.072

0 2.0328 0.0007 -163874
1 2.0328 0.0007 959.697

0 2.0335 0.0007 -163869
1 2.0335 0.0007 979.494

0 2.0342 0.0007 -163864
1 2.0342 0.0007 982.999

0 2.0349 0.0007 -163857
1 2.0349 0.0007 907.917

0 2.0356 0.0007 -163852
1 2.0356 0.0007 922.077

0 2.0363 0.0007 -163847
1 2.0363 0.0007 1083.3

0 2.037 0.0007 -163841
1 2.037 0.0007 963.82

0 2.0377 0.0007 -163836
1 2.0377 0.0007 950.24

0 2.0384 0.0007 -163830
1 2.0384 0.0007 967.97

0 2.0391 0.0007 -163825
1 2.0391 0.0007 951.213

0 2.0398 0.0007 -163820
1 2.0398 0.0007 979.782

0 2.0405 0.0007 -163815
1 2.0405 0.0007 951.38

0 2.0412 0.0007 -163810
1 2.0412 0.0007 976.762

0 2.0419 0.0007 -163806
1 2.0419 0.0007 958.746

0 2.0426 0.0007 -163801
1 2.0426 0.0007 948.53

0 2.0433 0.0007 -163797
1 2.0433 0.0007 970.792

0 2.044 0.0007 -163792
1 2.044 0.0007 998.655

0 2.0447 0.0007 -163789
1 2.0447 0.0007 930.108

0 2.0454 0.0007 -163785
1 2.0454 0.0007 950.357

0 2.0461 0.0007 -163781
1 2.0461 0.0007 1000.64

0 2.0468 0.0007 -163777
1 2.0468 0.0007 1091.85

0 2.0475 0.0007 -163774
1 2.0475 0.0007 989.856

0 2.0482 0.0007 -163772
1 2.0482 0.0007 889.856

0 2.0489 0.0007 -163769
1 2.0489 0.0007 917.748

0 2.0496 0.0007 -163767
1 2.0496 0.0007 966.778

0 2.0503 0.0007 -163764
1 2.0503 0.0007 995.988

0 2.051 0.0007 -163762
1 2.051 0.0007 981.965

0 2.0517 0.0007 -163760
1 2.0517 0.0007 958.262

0 2.0524 0.0007 -163758
1 2.0524 0.0007 983.329

0 2.0531 0.0007 -163756
1 2.0531 0.0007 974.942

0 2.0538 0.0007 -163754
1 2.0538 0.0007 980.17

0 2.0545 0.0007 -163752
1 2.0545 0.0007 976.702

0 2.0552 0.0007 -163750
1 2.0552 0.0007 1000.86

0 2.0559 0.0007 -163748
1 2.0559 0.0007 990.364

0 2.0566 0.0007 -163747
1 2.0566 0.0007 960.071

0 2.0573 0.0007 -163745
1 2.0573 0.0007 986.684

0 2.058 0.0007 -163744
1 2.058 0.0007 961.353

0 2.0587 0.0007 -163742
1 2.0587 0.0007 922.513

0 2.0594 0.0007 -163740
1 2.0594 0.0007 1081.11

0 2.0601 0.0007 -163739
1 2.0601 0.0007 974.033

0 2.0608 0.0007 -163738
1 2.0608 0.0007 938.119

0 2.0615 0.0007 -163736
1 2.0615 0.0007 995.826

0 2.0622 0.0007 -163734
1 2.0622 0.0007 969.585

0 2.0629 0.0007 -163732
1 2.0629 0.0007 957.285

0 2.0636 0.0007 -163730
1 2.0636 0.0007 1000.11

0 2.0643 0.0007 -163728
1 2.0643 0.0007 979.354

0 2.065 0.0007 -163726
1 2.065 0.0007 973.431

0 2.0657 0.0007 -163723
1 2.0657 0.0007 965.514

0 2.0664 0.0007 -163721
1 2.0664 0.0007 966.768

0 2.0671 0.0007 -163719
1 2.0671 0.0007 983.517

0 2.0678 0.0007 -163716
1 2.0678 0.0007 971.992

0 2.0685 0.0007 -163712
1 2.0685 0.0007 958.811

0 2.0692 0.0007 -163709
1 2.0692 0.0007 1025.48

0 2.0699 0.0007 -163707
1 2.0699 0.0007 1001.65

0 2.0706 0.0007 -163704
1 2.0706 0.0007 900.134

0 2.0713 0.0007 -163700
1 2.0713 0.0007 908.426

0 2.072 0.0007 -163695
1 2.072 0.0007 941.04

0 2.0727 0.0007 -163691
1 2.0727 0.0007 1056.1

0 2.0734 0.0007 -163687
1 2.0734 0.0007 1004.19

0 2.0741 0.0007 -163683
1 2.0741 0.0007 935.898

0 2.0748 0.0007 -163678
1 2.0748 0.0007 972.448

0 2.0755 0.0007 -163673
1 2.0755 0.0007 1003.03

0 2.0762 0.0007 -163669
1 2.0762 0.0007 962.798

0 2.0769 0.0007 -163664
1 2.0769 0.0007 967.44

0 2.0776 0.0007 -163659
1 2.0776 0.0007 986.893

0 2.0783 0.0007 -163654
1 2.0783 0.0007 969.377

0 2.079 0.0007 -163649
1 2.079 0.0007 983.506

0 2.0797 0.0007 -163644
1 2.0797 0.0007 960.041

0 2.0804 0.0007 -163638
1 2.0804 0.0007 980.438

0 2.0811 0.0007 -163633
1 2.0811 0.0007 989.795

0 2.0818 0.0007 -163627
1 2.0818 0.0007 913.796

0 2.0825 0.0007 -163622
1 2.0825 0.0007 914.212

0 2.0832 0.0007 -163617
1 2.0832 0.0007 1093.49

0 2.0839 0.0007 -163610
1 2.0839 0.0007 961.838

0 2.0846 0.0007 -163606
1 2.0846 0.0007 942.088

0 2.0853 0.0007 -163600
1 2.0853 0.0007 977.282

0 2.086 0.0007 -163595
1 2.086 0.0007 962.826

0 2.0867 0.0007 -163590
1 2.0867 0.0007 969.612

0 2.0874 0.0007 -163585
1 2.0874 0.0007 957.665

0 2.0881 0.0007 -163580
1 2.0881 0.0007 966.848

0 2.0888 0.0007 -163576
1 2.0888 0.0007 973.001

0 2.0895 0.0007 -163572
1 2.0895 0.0007 949.067

0 2.0902 0.0007 -163568
1 2.0902 0.0007 970.466

0 2.0909 0.0007 -163563
1 2.0909 0.0007 995.107

0 2.0916 0.0007 -163560
1 2.0916 0.0007 934.742

0 2.0923 0.0007 -163556
1 2.0923 0.0007 935.542

0 2.093 0.0007 -163552
1 2.093 0.0007 1005.41

0 2.0937 0.0007 -163548
1 2.0937 0.0007 1083.93

0 2.0944 0.0007 -163546
1 2.0944 0.0007 1018.61

0 2.0951 0.0007 -163543
1 2.0951 0.0007 902.497

0 2.0958 0.0007 -163541
1 2.0958 0.0007 907.075

0 2.0965 0.0007 -163538
1 2.0965 0.0007 964.809

0 2.0972 0.0007 -163536
1 2.0972 0.0007 991.466

0 2.0979 0.0007 -163534
1 2.0979 0.0007 966.45

0 2.0986 0.0007 -163532
1 2.0986 0.0007 959.192

0 2.0993 0.0007 -163529
1 2.0993 0.0007 985.661

0 2.1 0.0007 -163528
1 2.1 0.0007 970.036

