#Turbine    Time(s)    dt(s)    rotor torque (N-m)
0 1.659 0.0007 107.923
1 1.659 0.0007 126.309

0 1.6597 0.0007 106.64
1 1.6597 0.0007 55.9652

0 1.6604 0.0007 105.083
1 1.6604 0.0007 18.2144

0 1.6611 0.0007 103.657
1 1.6611 0.0007 4.11961

0 1.6618 0.0007 102.824
1 1.6618 0.0007 9.30004

0 1.6625 0.0007 101.171
1 1.6625 0.0007 16.1941

0 1.6632 0.0007 99.6139
1 1.6632 0.0007 17.2447

0 1.6639 0.0007 98.0434
1 1.6639 0.0007 17.983

0 1.6646 0.0007 95.8046
1 1.6646 0.0007 11.9426

0 1.6653 0.0007 93.7134
1 1.6653 0.0007 17.6365

0 1.666 0.0007 90.9174
1 1.666 0.0007 15.0838

0 1.6667 0.0007 87.7709
1 1.6667 0.0007 12.5527

0 1.6674 0.0007 84.6611
1 1.6674 0.0007 15.7081

0 1.6681 0.0007 81.0291
1 1.6681 0.0007 16.9131

0 1.6688 0.0007 78.0911
1 1.6688 0.0007 4.81871

0 1.6695 0.0007 74.1923
1 1.6695 0.0007 12.0455

0 1.6702 0.0007 69.3784
1 1.6702 0.0007 16.5034

0 1.6709 0.0007 66.0708
1 1.6709 0.0007 25.0514

0 1.6716 0.0007 65.0988
1 1.6716 0.0007 18.0455

0 1.6723 0.0007 62.4485
1 1.6723 0.0007 24.5411

0 1.673 0.0007 57.6351
1 1.673 0.0007 42.1872

0 1.6737 0.0007 50.7175
1 1.6737 0.0007 78.5853

0 1.6744 0.0007 48.8604
1 1.6744 0.0007 94.071

0 1.6751 0.0007 45.9866
1 1.6751 0.0007 81.5871

0 1.6758 0.0007 41.8432
1 1.6758 0.0007 86.0274

0 1.6765 0.0007 37.8165
1 1.6765 0.0007 83.8756

0 1.6772 0.0007 36.0634
1 1.6772 0.0007 84.1376

0 1.6779 0.0007 33.7622
1 1.6779 0.0007 83.5544

0 1.6786 0.0007 30.9365
1 1.6786 0.0007 84.9872

0 1.6793 0.0007 29.303
1 1.6793 0.0007 85.9609

0 1.68 0.0007 28.1307
1 1.68 0.0007 81.163

0 1.6807 0.0007 26.4857
1 1.6807 0.0007 72.1552

0 1.6814 0.0007 25.0038
1 1.6814 0.0007 85.9729

0 1.6821 0.0007 24.672
1 1.6821 0.0007 73.6717

0 1.6828 0.0007 24.8681
1 1.6828 0.0007 65.31

0 1.6835 0.0007 24.4129
1 1.6835 0.0007 103.89

0 1.6842 0.0007 25.0958
1 1.6842 0.0007 78.2813

0 1.6849 0.0007 26.3393
1 1.6849 0.0007 68.4466

0 1.6856 0.0007 27.3833
1 1.6856 0.0007 84.9867

0 1.6863 0.0007 28.6241
1 1.6863 0.0007 73.751

0 1.687 0.0007 30.3599
1 1.687 0.0007 76.071

0 1.6877 0.0007 32.7608
1 1.6877 0.0007 83.1387

0 1.6884 0.0007 35.1352
1 1.6884 0.0007 76.9218

0 1.6891 0.0007 37.6098
1 1.6891 0.0007 77.0387

0 1.6898 0.0007 41.3213
1 1.6898 0.0007 72.9419

0 1.6905 0.0007 44.6013
1 1.6905 0.0007 81.575

0 1.6912 0.0007 47.2756
1 1.6912 0.0007 77.9303

0 1.6919 0.0007 50.6251
1 1.6919 0.0007 72.4464

0 1.6926 0.0007 56.6469
1 1.6926 0.0007 74.0595

0 1.6933 0.0007 61.2399
1 1.6933 0.0007 100.85

0 1.694 0.0007 64.0938
1 1.694 0.0007 75.1427

0 1.6947 0.0007 67.0857
1 1.6947 0.0007 56.5926

0 1.6954 0.0007 71.1174
1 1.6954 0.0007 61.8271

0 1.6961 0.0007 77.4169
1 1.6961 0.0007 84.9817

0 1.6968 0.0007 81.4626
1 1.6968 0.0007 98.011

0 1.6975 0.0007 85.0943
1 1.6975 0.0007 80.7269

0 1.6982 0.0007 89.5707
1 1.6982 0.0007 68.4053

0 1.6989 0.0007 94.1497
1 1.6989 0.0007 83.8893

0 1.6996 0.0007 97.6783
1 1.6996 0.0007 86.2841

0 1.7003 0.0007 100.913
1 1.7003 0.0007 75.7471

0 1.701 0.0007 104.264
1 1.701 0.0007 75.7865

0 1.7017 0.0007 107.365
1 1.7017 0.0007 80.7338

0 1.7024 0.0007 109.699
1 1.7024 0.0007 81.2753

0 1.7031 0.0007 111.457
1 1.7031 0.0007 81.7278

0 1.7038 0.0007 113.05
1 1.7038 0.0007 73.6116

0 1.7045 0.0007 114.57
1 1.7045 0.0007 75.1976

0 1.7052 0.0007 115.439
1 1.7052 0.0007 69.784

0 1.7059 0.0007 115.26
1 1.7059 0.0007 49.1299

0 1.7066 0.0007 115.915
1 1.7066 0.0007 46.5288

0 1.7073 0.0007 116.536
1 1.7073 0.0007 75.9829

0 1.708 0.0007 114.128
1 1.708 0.0007 48.9368

0 1.7087 0.0007 112.69
1 1.7087 0.0007 48.5071

0 1.7094 0.0007 110.788
1 1.7094 0.0007 51.6328

0 1.7101 0.0007 108.779
1 1.7101 0.0007 50.7478

0 1.7108 0.0007 106.767
1 1.7108 0.0007 54.9741

0 1.7115 0.0007 103.368
1 1.7115 0.0007 49.9146

0 1.7122 0.0007 100.091
1 1.7122 0.0007 54.7239

0 1.7129 0.0007 96.5237
1 1.7129 0.0007 50.6288

0 1.7136 0.0007 92.5731
1 1.7136 0.0007 47.1824

0 1.7143 0.0007 88.3832
1 1.7143 0.0007 52.9148

0 1.715 0.0007 83.4313
1 1.715 0.0007 61.1872

0 1.7157 0.0007 79.7632
1 1.7157 0.0007 43.3957

0 1.7164 0.0007 75.0427
1 1.7164 0.0007 49.8703

0 1.7171 0.0007 68.3967
1 1.7171 0.0007 60.6234

0 1.7178 0.0007 63.4692
1 1.7178 0.0007 82.2978

0 1.7185 0.0007 62.112
1 1.7185 0.0007 60.0418

0 1.7192 0.0007 58.6397
1 1.7192 0.0007 42.5674

0 1.7199 0.0007 53.9255
1 1.7199 0.0007 51.6938

0 1.7206 0.0007 46.4268
1 1.7206 0.0007 70.2925

0 1.7213 0.0007 43.9563
1 1.7213 0.0007 75.7843

0 1.722 0.0007 41.2792
1 1.722 0.0007 69.9843

0 1.7227 0.0007 37.4627
1 1.7227 0.0007 66.2894

0 1.7234 0.0007 33.4641
1 1.7234 0.0007 72.3337

0 1.7241 0.0007 31.2837
1 1.7241 0.0007 71.8477

0 1.7248 0.0007 29.17
1 1.7248 0.0007 71.9624

0 1.7255 0.0007 26.3917
1 1.7255 0.0007 72.8396

0 1.7262 0.0007 24.5134
1 1.7262 0.0007 78.8011

0 1.7269 0.0007 23.1783
1 1.7269 0.0007 76.4568

0 1.7276 0.0007 21.8741
1 1.7276 0.0007 65.685

0 1.7283 0.0007 20.1782
1 1.7283 0.0007 74.6528

0 1.729 0.0007 19.4964
1 1.729 0.0007 70.3587

0 1.7297 0.0007 19.4298
1 1.7297 0.0007 57.441

0 1.7304 0.0007 18.9481
1 1.7304 0.0007 100.132

0 1.7311 0.0007 19.4909
1 1.7311 0.0007 68.6904

0 1.7318 0.0007 20.3854
1 1.7318 0.0007 61.6038

0 1.7325 0.0007 21.7744
1 1.7325 0.0007 78.9453

0 1.7332 0.0007 23.0059
1 1.7332 0.0007 69.1916

0 1.7339 0.0007 24.4296
1 1.7339 0.0007 71.1399

0 1.7346 0.0007 26.7547
1 1.7346 0.0007 79.8317

0 1.7353 0.0007 29.0771
1 1.7353 0.0007 73.8553

0 1.736 0.0007 31.343
1 1.736 0.0007 71.7714

0 1.7367 0.0007 34.8126
1 1.7367 0.0007 67.6414

0 1.7374 0.0007 38.148
1 1.7374 0.0007 74.3045

0 1.7381 0.0007 40.8629
1 1.7381 0.0007 74.5909

0 1.7388 0.0007 43.7536
1 1.7388 0.0007 68.2354

0 1.7395 0.0007 49.3875
1 1.7395 0.0007 64.9703

0 1.7402 0.0007 54.0468
1 1.7402 0.0007 87.7276

0 1.7409 0.0007 56.8662
1 1.7409 0.0007 75.5164

0 1.7416 0.0007 59.8614
1 1.7416 0.0007 52.3427

0 1.7423 0.0007 63.4582
1 1.7423 0.0007 55.6472

0 1.743 0.0007 69.6214
1 1.743 0.0007 70.4501

0 1.7437 0.0007 73.9807
1 1.7437 0.0007 93.3705

0 1.7444 0.0007 77.6362
1 1.7444 0.0007 73.4783

0 1.7451 0.0007 81.7517
1 1.7451 0.0007 60.325

0 1.7458 0.0007 86.2824
1 1.7458 0.0007 77.1433

0 1.7465 0.0007 89.9309
1 1.7465 0.0007 75.7626

0 1.7472 0.0007 93.0928
1 1.7472 0.0007 70.2403

0 1.7479 0.0007 96.2782
1 1.7479 0.0007 66.1973

0 1.7486 0.0007 99.4279
1 1.7486 0.0007 73.1588

0 1.7493 0.0007 101.914
1 1.7493 0.0007 67.4442

0 1.75 0.0007 103.666
1 1.75 0.0007 72.3604

0 1.7507 0.0007 105.244
1 1.7507 0.0007 67.0114

0 1.7514 0.0007 106.438
1 1.7514 0.0007 70.2792

0 1.7521 0.0007 107.398
1 1.7521 0.0007 71.0044

0 1.7528 0.0007 107.611
1 1.7528 0.0007 50.7669

0 1.7535 0.0007 107.573
1 1.7535 0.0007 50.0713

0 1.7542 0.0007 108.115
1 1.7542 0.0007 93.5276

0 1.7549 0.0007 105.497
1 1.7549 0.0007 57.4915

0 1.7556 0.0007 104.02
1 1.7556 0.0007 53.9928

0 1.7563 0.0007 102.04
1 1.7563 0.0007 62.2551

0 1.757 0.0007 99.7485
1 1.757 0.0007 60.5416

0 1.7577 0.0007 97.7063
1 1.7577 0.0007 61.6298

0 1.7584 0.0007 94.0132
1 1.7584 0.0007 60.3211

0 1.7591 0.0007 90.5284
1 1.7591 0.0007 62.5497

0 1.7598 0.0007 87.0749
1 1.7598 0.0007 60.4917

0 1.7605 0.0007 83.0052
1 1.7605 0.0007 54.7913

0 1.7612 0.0007 78.7965
1 1.7612 0.0007 60.9773

0 1.7619 0.0007 73.3105
1 1.7619 0.0007 66.8584

0 1.7626 0.0007 69.4798
1 1.7626 0.0007 52.8637

0 1.7633 0.0007 64.6257
1 1.7633 0.0007 56.6666

0 1.764 0.0007 58.0573
1 1.764 0.0007 66.1752

0 1.7647 0.0007 52.3393
1 1.7647 0.0007 91.2886

0 1.7654 0.0007 50.9408
1 1.7654 0.0007 70.8703

0 1.7661 0.0007 47.4817
1 1.7661 0.0007 45.7868

0 1.7668 0.0007 42.7333
1 1.7668 0.0007 50.8793

0 1.7675 0.0007 35.1175
1 1.7675 0.0007 67.6062

0 1.7682 0.0007 31.5873
1 1.7682 0.0007 71.6777

0 1.7689 0.0007 29.6758
1 1.7689 0.0007 68.4669

0 1.7696 0.0007 25.7448
1 1.7696 0.0007 61.8273

0 1.7703 0.0007 21.7308
1 1.7703 0.0007 71.8822

0 1.771 0.0007 18.9082
1 1.771 0.0007 67.7898

0 1.7717 0.0007 16.9108
1 1.7717 0.0007 68.6002

0 1.7724 0.0007 14.1137
1 1.7724 0.0007 67.2832

0 1.7731 0.0007 11.7738
1 1.7731 0.0007 74.9445

0 1.7738 0.0007 10.4578
1 1.7738 0.0007 74.9043

0 1.7745 0.0007 8.9277
1 1.7745 0.0007 62.9288

0 1.7752 0.0007 7.0675
1 1.7752 0.0007 69.4636

0 1.7759 0.0007 5.90222
1 1.7759 0.0007 71.7213

0 1.7766 0.0007 6.01745
1 1.7766 0.0007 58.5444

0 1.7773 0.0007 5.38346
1 1.7773 0.0007 97.8898

0 1.778 0.0007 5.67021
1 1.778 0.0007 69.4419

0 1.7787 0.0007 6.22498
1 1.7787 0.0007 61.4502

0 1.7794 0.0007 7.62152
1 1.7794 0.0007 74.959

0 1.7801 0.0007 8.79916
1 1.7801 0.0007 65.7443

0 1.7808 0.0007 10.1481
1 1.7808 0.0007 67.1999

0 1.7815 0.0007 12.2022
1 1.7815 0.0007 74.596

0 1.7822 0.0007 14.3894
1 1.7822 0.0007 73.4383

0 1.7829 0.0007 16.3404
1 1.7829 0.0007 70.2557

0 1.7836 0.0007 19.5717
1 1.7836 0.0007 65.4043

0 1.7843 0.0007 22.8845
1 1.7843 0.0007 68.059

0 1.785 0.0007 25.712
1 1.785 0.0007 74.5024

0 1.7857 0.0007 28.0507
1 1.7857 0.0007 67.5147

0 1.7864 0.0007 33.0846
1 1.7864 0.0007 61.6611

0 1.7871 0.0007 38.1277
1 1.7871 0.0007 82.5388

0 1.7878 0.0007 41.2608
1 1.7878 0.0007 77.2894

0 1.7885 0.0007 43.9385
1 1.7885 0.0007 50.4409

0 1.7892 0.0007 47.091
1 1.7892 0.0007 54.3645

0 1.7899 0.0007 52.952
1 1.7899 0.0007 60.3421

0 1.7906 0.0007 57.7525
1 1.7906 0.0007 89.0003

0 1.7913 0.0007 61.0242
1 1.7913 0.0007 75.0941

0 1.792 0.0007 64.8895
1 1.792 0.0007 57.4444

0 1.7927 0.0007 69.3822
1 1.7927 0.0007 68.9502

0 1.7934 0.0007 72.9438
1 1.7934 0.0007 74.3666

0 1.7941 0.0007 76.0343
1 1.7941 0.0007 69.6355

0 1.7948 0.0007 79.1091
1 1.7948 0.0007 62.135

0 1.7955 0.0007 82.0952
1 1.7955 0.0007 72.0822

0 1.7962 0.0007 84.552
1 1.7962 0.0007 67.7751

0 1.7969 0.0007 86.2194
1 1.7969 0.0007 68.8702

0 1.7976 0.0007 87.5285
1 1.7976 0.0007 64.2727

0 1.7983 0.0007 88.5717
1 1.7983 0.0007 68.2906

0 1.799 0.0007 89.4006
1 1.799 0.0007 73.2924

0 1.7997 0.0007 89.4393
1 1.7997 0.0007 52.7458

0 1.8004 0.0007 89.3993
1 1.8004 0.0007 51.1431

0 1.8011 0.0007 89.7414
1 1.8011 0.0007 93.6773

0 1.8018 0.0007 86.7288
1 1.8018 0.0007 64.3221

0 1.8025 0.0007 85.3106
1 1.8025 0.0007 54.9709

0 1.8032 0.0007 83.4402
1 1.8032 0.0007 65.652

0 1.8039 0.0007 80.6857
1 1.8039 0.0007 66.8342

0 1.8046 0.0007 78.3091
1 1.8046 0.0007 64.7151

0 1.8053 0.0007 74.6989
1 1.8053 0.0007 62.1046

0 1.806 0.0007 70.9408
1 1.806 0.0007 61.413

0 1.8067 0.0007 67.4925
1 1.8067 0.0007 64.8372

0 1.8074 0.0007 63.2579
1 1.8074 0.0007 57.911

0 1.8081 0.0007 58.8974
1 1.8081 0.0007 61.7104

0 1.8088 0.0007 53.476
1 1.8088 0.0007 71.1052

0 1.8095 0.0007 49.2992
1 1.8095 0.0007 55.0501

0 1.8102 0.0007 44.882
1 1.8102 0.0007 57.0946

0 1.8109 0.0007 38.2037
1 1.8109 0.0007 65.962

0 1.8116 0.0007 31.9085
1 1.8116 0.0007 94.2385

0 1.8123 0.0007 30.4707
1 1.8123 0.0007 76.9395

0 1.813 0.0007 27.0443
1 1.813 0.0007 50.5534

0 1.8137 0.0007 22.1809
1 1.8137 0.0007 47.223

0 1.8144 0.0007 14.8446
1 1.8144 0.0007 63.7249

0 1.8151 0.0007 9.98318
1 1.8151 0.0007 71.7854

0 1.8158 0.0007 8.24535
1 1.8158 0.0007 66.944

0 1.8165 0.0007 4.4542
1 1.8165 0.0007 61.5001

0 1.8172 0.0007 0.263477
1 1.8172 0.0007 71.2404

0 1.8179 0.0007 -2.89454
1 1.8179 0.0007 68.9256

0 1.8186 0.0007 -4.91172
1 1.8186 0.0007 68.765

0 1.8193 0.0007 -8.08924
1 1.8193 0.0007 63.1137

0 1.82 0.0007 -10.5687
1 1.82 0.0007 71.8529

0 1.8207 0.0007 -12.2428
1 1.8207 0.0007 77.2283

0 1.8214 0.0007 -13.6286
1 1.8214 0.0007 60.0291

0 1.8221 0.0007 -15.4704
1 1.8221 0.0007 68.082

0 1.8228 0.0007 -16.7942
1 1.8228 0.0007 71.3476

0 1.8235 0.0007 -17.1508
1 1.8235 0.0007 59.8178

0 1.8242 0.0007 -17.859
1 1.8242 0.0007 52.6052

0 1.8249 0.0007 -18.5905
1 1.8249 0.0007 81.8457

0 1.8256 0.0007 -17.7301
1 1.8256 0.0007 64.2084

0 1.8263 0.0007 -16.2724
1 1.8263 0.0007 73.845

0 1.827 0.0007 -15.7719
1 1.827 0.0007 68.4822

0 1.8277 0.0007 -14.2804
1 1.8277 0.0007 59.9606

0 1.8284 0.0007 -12.8694
1 1.8284 0.0007 74.2571

0 1.8291 0.0007 -10.3655
1 1.8291 0.0007 73.1875

0 1.8298 0.0007 -8.84222
1 1.8298 0.0007 69.8026

0 1.8305 0.0007 -5.80695
1 1.8305 0.0007 64.1456

0 1.8312 0.0007 -2.70714
1 1.8312 0.0007 66.2669

0 1.8319 0.0007 0.140576
1 1.8319 0.0007 74.2264

0 1.8326 0.0007 2.19809
1 1.8326 0.0007 64.9901

0 1.8333 0.0007 6.73887
1 1.8333 0.0007 62.722

0 1.834 0.0007 11.8793
1 1.834 0.0007 73.8902

0 1.8347 0.0007 14.8423
1 1.8347 0.0007 82.3707

0 1.8354 0.0007 17.5208
1 1.8354 0.0007 49.8041

0 1.8361 0.0007 20.2439
1 1.8361 0.0007 53.1004

0 1.8368 0.0007 25.7542
1 1.8368 0.0007 53.831

0 1.8375 0.0007 31.0306
1 1.8375 0.0007 87.6376

0 1.8382 0.0007 34.0897
1 1.8382 0.0007 77.9355

0 1.8389 0.0007 37.6154
1 1.8389 0.0007 59.2505

0 1.8396 0.0007 42.0541
1 1.8396 0.0007 62.6827

0 1.8403 0.0007 45.5262
1 1.8403 0.0007 73.9103

0 1.841 0.0007 48.5524
1 1.841 0.0007 70.9655

0 1.8417 0.0007 51.567
1 1.8417 0.0007 59.4631

0 1.8424 0.0007 54.3592
1 1.8424 0.0007 70.9283

0 1.8431 0.0007 56.763
1 1.8431 0.0007 65.939

0 1.8438 0.0007 58.3717
1 1.8438 0.0007 65.9364

0 1.8445 0.0007 59.5905
1 1.8445 0.0007 66.88

0 1.8452 0.0007 60.5716
1 1.8452 0.0007 66.7816

0 1.8459 0.0007 61.1622
1 1.8459 0.0007 74.3618

0 1.8466 0.0007 61.2133
1 1.8466 0.0007 54.3971

0 1.8473 0.0007 61.1009
1 1.8473 0.0007 53.3717

0 1.848 0.0007 61.2382
1 1.848 0.0007 98.188

0 1.8487 0.0007 58.127
1 1.8487 0.0007 64.8627

0 1.8494 0.0007 56.5054
1 1.8494 0.0007 53.0843

0 1.8501 0.0007 54.7218
1 1.8501 0.0007 67.5556

0 1.8508 0.0007 51.6268
1 1.8508 0.0007 67.089

0 1.8515 0.0007 49.1338
1 1.8515 0.0007 61.3214

0 1.8522 0.0007 45.4127
1 1.8522 0.0007 62.5557

0 1.8529 0.0007 41.4996
1 1.8529 0.0007 62.8545

0 1.8536 0.0007 37.8564
1 1.8536 0.0007 66.2053

0 1.8543 0.0007 33.4799
1 1.8543 0.0007 59.4604

0 1.855 0.0007 28.9143
1 1.855 0.0007 61.5757

0 1.8557 0.0007 23.5338
1 1.8557 0.0007 68.9048

0 1.8564 0.0007 18.9556
1 1.8564 0.0007 61.7282

0 1.8571 0.0007 14.7149
1 1.8571 0.0007 55.9726

0 1.8578 0.0007 8.11228
1 1.8578 0.0007 63.1217

0 1.8585 0.0007 1.46118
1 1.8585 0.0007 86.3948

0 1.8592 0.0007 -1.26905
1 1.8592 0.0007 82.9794

0 1.8599 0.0007 -4.17822
1 1.8599 0.0007 52.3023

0 1.8606 0.0007 -8.75905
1 1.8606 0.0007 49.9632

0 1.8613 0.0007 -16.2177
1 1.8613 0.0007 60.5661

0 1.862 0.0007 -22.1876
1 1.862 0.0007 72.6331

0 1.8627 0.0007 -23.9844
1 1.8627 0.0007 67.8142

0 1.8634 0.0007 -27.7755
1 1.8634 0.0007 60.6286

0 1.8641 0.0007 -31.9973
1 1.8641 0.0007 71.0624

0 1.8648 0.0007 -35.6262
1 1.8648 0.0007 65.4753

0 1.8655 0.0007 -37.7597
1 1.8655 0.0007 70.3972

0 1.8662 0.0007 -41.0154
1 1.8662 0.0007 65.6155

0 1.8669 0.0007 -43.7347
1 1.8669 0.0007 71.2538

0 1.8676 0.0007 -45.4943
1 1.8676 0.0007 73.2774

0 1.8683 0.0007 -47.0003
1 1.8683 0.0007 62.1469

0 1.869 0.0007 -49.0462
1 1.869 0.0007 64.1889

0 1.8697 0.0007 -50.6452
1 1.8697 0.0007 72.2562

0 1.8704 0.0007 -51.0822
1 1.8704 0.0007 59.5814

0 1.8711 0.0007 -51.667
1 1.8711 0.0007 52.7593

0 1.8718 0.0007 -52.5294
1 1.8718 0.0007 85.9443

0 1.8725 0.0007 -52.0014
1 1.8725 0.0007 67.2801

0 1.8732 0.0007 -50.6787
1 1.8732 0.0007 70.6943

0 1.8739 0.0007 -50.0926
1 1.8739 0.0007 67.9469

0 1.8746 0.0007 -48.8471
1 1.8746 0.0007 58.7612

0 1.8753 0.0007 -47.7091
1 1.8753 0.0007 72.3544

0 1.876 0.0007 -45.5586
1 1.876 0.0007 75.4294

0 1.8767 0.0007 -43.9292
1 1.8767 0.0007 69.7358

0 1.8774 0.0007 -41.3386
1 1.8774 0.0007 63.913

0 1.8781 0.0007 -38.1846
1 1.8781 0.0007 63.6517

0 1.8788 0.0007 -35.4805
1 1.8788 0.0007 73.9339

0 1.8795 0.0007 -33.5758
1 1.8795 0.0007 62.5736

0 1.8802 0.0007 -29.791
1 1.8802 0.0007 62.1827

0 1.8809 0.0007 -24.3613
1 1.8809 0.0007 71.6399

0 1.8816 0.0007 -21.2535
1 1.8816 0.0007 82.7542

0 1.8823 0.0007 -18.7337
1 1.8823 0.0007 54.93

0 1.883 0.0007 -16.108
1 1.883 0.0007 50.3437

0 1.8837 0.0007 -11.1925
1 1.8837 0.0007 51.652

0 1.8844 0.0007 -5.82869
1 1.8844 0.0007 84.7889

0 1.8851 0.0007 -2.93457
1 1.8851 0.0007 79.9418

0 1.8858 0.0007 0.519969
1 1.8858 0.0007 59.443

0 1.8865 0.0007 4.80241
1 1.8865 0.0007 60.3978

0 1.8872 0.0007 8.5015
1 1.8872 0.0007 73.4963

0 1.8879 0.0007 11.3696
1 1.8879 0.0007 72.1469

0 1.8886 0.0007 14.383
1 1.8886 0.0007 61.8141

0 1.8893 0.0007 17.1884
1 1.8893 0.0007 65.4346

0 1.89 0.0007 19.5671
1 1.89 0.0007 64.7087

0 1.8907 0.0007 21.1391
1 1.8907 0.0007 66.5834

0 1.8914 0.0007 22.5145
1 1.8914 0.0007 69.4831

0 1.8921 0.0007 23.4788
1 1.8921 0.0007 67.437

0 1.8928 0.0007 23.99
1 1.8928 0.0007 73.745

0 1.8935 0.0007 24.2213
1 1.8935 0.0007 57.505

0 1.8942 0.0007 24.0761
1 1.8942 0.0007 48.2238

0 1.8949 0.0007 23.9485
1 1.8949 0.0007 100.9

0 1.8956 0.0007 20.9638
1 1.8956 0.0007 67.4544

0 1.8963 0.0007 19.3546
1 1.8963 0.0007 53.0087

0 1.897 0.0007 17.7188
1 1.897 0.0007 64.5126

0 1.8977 0.0007 14.4149
1 1.8977 0.0007 69.9369

0 1.8984 0.0007 11.9471
1 1.8984 0.0007 65.4756

0 1.8991 0.0007 8.37856
1 1.8991 0.0007 63.8914

0 1.8998 0.0007 4.28726
1 1.8998 0.0007 62.6704

0 1.9005 0.0007 0.533911
1 1.9005 0.0007 65.9902

0 1.9012 0.0007 -3.70582
1 1.9012 0.0007 59.8868

0 1.9019 0.0007 -8.2914
1 1.9019 0.0007 61.264

0 1.9026 0.0007 -13.6864
1 1.9026 0.0007 67.7204

0 1.9033 0.0007 -18.29
1 1.9033 0.0007 66.5796

0 1.904 0.0007 -22.4617
1 1.904 0.0007 55.1214

0 1.9047 0.0007 -28.7339
1 1.9047 0.0007 62.0676

0 1.9054 0.0007 -35.5439
1 1.9054 0.0007 79.1578

0 1.9061 0.0007 -39.106
1 1.9061 0.0007 88.0078

0 1.9068 0.0007 -41.2511
1 1.9068 0.0007 58.5009

0 1.9075 0.0007 -45.7469
1 1.9075 0.0007 49.2305

0 1.9082 0.0007 -52.645
1 1.9082 0.0007 58.0512

0 1.9089 0.0007 -59.7497
1 1.9089 0.0007 71.8507

0 1.9096 0.0007 -61.3741
1 1.9096 0.0007 68.7644

0 1.9103 0.0007 -64.8549
1 1.9103 0.0007 63.4225

0 1.911 0.0007 -69.0439
1 1.911 0.0007 67.796

0 1.9117 0.0007 -72.8233
1 1.9117 0.0007 66.2541

0 1.9124 0.0007 -75.0803
1 1.9124 0.0007 67.7462

0 1.9131 0.0007 -78.0804
1 1.9131 0.0007 65.9305

0 1.9138 0.0007 -80.953
1 1.9138 0.0007 70.8036

0 1.9145 0.0007 -82.7141
1 1.9145 0.0007 73.0636

0 1.9152 0.0007 -84.2479
1 1.9152 0.0007 65.3955

0 1.9159 0.0007 -86.3102
1 1.9159 0.0007 59.7697

0 1.9166 0.0007 -88.0034
1 1.9166 0.0007 75.2916

0 1.9173 0.0007 -88.5612
1 1.9173 0.0007 61.8306

0 1.918 0.0007 -88.8002
1 1.918 0.0007 51.5641

0 1.9187 0.0007 -89.6329
1 1.9187 0.0007 90.5309

0 1.9194 0.0007 -89.1292
1 1.9194 0.0007 66.5281

0 1.9201 0.0007 -88.0541
1 1.9201 0.0007 67.2956

0 1.9208 0.0007 -87.2052
1 1.9208 0.0007 70.2039

0 1.9215 0.0007 -85.9247
1 1.9215 0.0007 59.1367

0 1.9222 0.0007 -84.6822
1 1.9222 0.0007 68.8935

0 1.9229 0.0007 -82.4004
1 1.9229 0.0007 74.5864

0 1.9236 0.0007 -80.6988
1 1.9236 0.0007 69.3273

0 1.9243 0.0007 -78.1241
1 1.9243 0.0007 66.7603

0 1.925 0.0007 -74.8055
1 1.925 0.0007 61.4634

0 1.9257 0.0007 -72.1386
1 1.9257 0.0007 76.8015

0 1.9264 0.0007 -69.9721
1 1.9264 0.0007 61.1837

0 1.9271 0.0007 -66.5186
1 1.9271 0.0007 60.5802

0 1.9278 0.0007 -60.9859
1 1.9278 0.0007 68.4082

0 1.9285 0.0007 -57.5707
1 1.9285 0.0007 85.6114

0 1.9292 0.0007 -54.8952
1 1.9292 0.0007 55.2609

0 1.9299 0.0007 -52.3226
1 1.9299 0.0007 48.9504

0 1.9306 0.0007 -47.7197
1 1.9306 0.0007 51.3299

0 1.9313 0.0007 -42.1188
1 1.9313 0.0007 82.9073

0 1.932 0.0007 -38.9228
1 1.932 0.0007 82.674

0 1.9327 0.0007 -35.3173
1 1.9327 0.0007 60.7625

0 1.9334 0.0007 -30.9546
1 1.9334 0.0007 56.963

0 1.9341 0.0007 -27.0522
1 1.9341 0.0007 71.1038

0 1.9348 0.0007 -24.0746
1 1.9348 0.0007 71.7004

0 1.9355 0.0007 -20.8981
1 1.9355 0.0007 63.151

0 1.9362 0.0007 -17.9172
1 1.9362 0.0007 61.7938

0 1.9369 0.0007 -15.2723
1 1.9369 0.0007 66.9724

0 1.9376 0.0007 -13.4479
1 1.9376 0.0007 67.9306

0 1.9383 0.0007 -11.8851
1 1.9383 0.0007 70.967

0 1.939 0.0007 -10.5452
1 1.939 0.0007 60.0154

0 1.9397 0.0007 -9.89042
1 1.9397 0.0007 70.2569

0 1.9404 0.0007 -9.42282
1 1.9404 0.0007 62.424

0 1.9411 0.0007 -9.34533
1 1.9411 0.0007 51.5652

0 1.9418 0.0007 -9.2618
1 1.9418 0.0007 100.842

0 1.9425 0.0007 -12.0638
1 1.9425 0.0007 69.253

0 1.9432 0.0007 -13.4681
1 1.9432 0.0007 50.6566

0 1.9439 0.0007 -14.8431
1 1.9439 0.0007 66.1715

0 1.9446 0.0007 -17.945
1 1.9446 0.0007 66.5074

0 1.9453 0.0007 -20.2937
1 1.9453 0.0007 66.3933

0 1.946 0.0007 -23.1862
1 1.946 0.0007 64.6195

0 1.9467 0.0007 -27.2612
1 1.9467 0.0007 61.1543

0 1.9474 0.0007 -30.8208
1 1.9474 0.0007 69.6351

0 1.9481 0.0007 -34.9129
1 1.9481 0.0007 61.3033

0 1.9488 0.0007 -39.0484
1 1.9488 0.0007 60.3246

0 1.9495 0.0007 -43.9699
1 1.9495 0.0007 67.9557

0 1.9502 0.0007 -48.7207
1 1.9502 0.0007 70.6884

0 1.9509 0.0007 -52.5102
1 1.9509 0.0007 53.1411

0 1.9516 0.0007 -58.3022
1 1.9516 0.0007 63.4186

0 1.9523 0.0007 -65.1564
1 1.9523 0.0007 73.4051

0 1.953 0.0007 -69.0907
1 1.953 0.0007 91.8951

0 1.9537 0.0007 -70.738
1 1.9537 0.0007 61.536

0 1.9544 0.0007 -74.6827
1 1.9544 0.0007 46.6683

0 1.9551 0.0007 -80.616
1 1.9551 0.0007 52.2939

0 1.9558 0.0007 -88.1201
1 1.9558 0.0007 72.2364

0 1.9565 0.0007 -89.8581
1 1.9565 0.0007 71.1082

0 1.9572 0.0007 -93.0495
1 1.9572 0.0007 62.4991

0 1.9579 0.0007 -96.77
1 1.9579 0.0007 65.9169

0 1.9586 0.0007 -100.696
1 1.9586 0.0007 65.2308

0 1.9593 0.0007 -102.695
1 1.9593 0.0007 67.1786

0 1.96 0.0007 -105.229
1 1.96 0.0007 69.0444

0 1.9607 0.0007 -107.932
1 1.9607 0.0007 68.2855

0 1.9614 0.0007 -109.596
1 1.9614 0.0007 73.1182

0 1.9621 0.0007 -110.649
1 1.9621 0.0007 66.5124

0 1.9628 0.0007 -112.217
1 1.9628 0.0007 59.6688

0 1.9635 0.0007 -113.618
1 1.9635 0.0007 78.2761

0 1.9642 0.0007 -114.176
1 1.9642 0.0007 60.5991

0 1.9649 0.0007 -114.084
1 1.9649 0.0007 53.2081

0 1.9656 0.0007 -114.555
1 1.9656 0.0007 89.3827

0 1.9663 0.0007 -113.815
1 1.9663 0.0007 66.2353

0 1.967 0.0007 -112.37
1 1.967 0.0007 62.4285

0 1.9677 0.0007 -111.231
1 1.9677 0.0007 73.2715

0 1.9684 0.0007 -109.855
1 1.9684 0.0007 62.6569

0 1.9691 0.0007 -108.222
1 1.9691 0.0007 63.9255

0 1.9698 0.0007 -105.642
1 1.9698 0.0007 73.358

0 1.9705 0.0007 -103.446
1 1.9705 0.0007 68.1962

0 1.9712 0.0007 -100.912
1 1.9712 0.0007 66.4579

0 1.9719 0.0007 -97.0831
1 1.9719 0.0007 60.8752

0 1.9726 0.0007 -93.8411
1 1.9726 0.0007 73.6714

0 1.9733 0.0007 -91.2603
1 1.9733 0.0007 64.329

0 1.974 0.0007 -87.7863
1 1.974 0.0007 59.7156

0 1.9747 0.0007 -81.9505
1 1.9747 0.0007 65.1951

0 1.9754 0.0007 -77.8375
1 1.9754 0.0007 87.5778

0 1.9761 0.0007 -74.758
1 1.9761 0.0007 59.2544

0 1.9768 0.0007 -71.8654
1 1.9768 0.0007 49.0844

0 1.9775 0.0007 -67.2586
1 1.9775 0.0007 51.8612

0 1.9782 0.0007 -61.1401
1 1.9782 0.0007 76.0029

0 1.9789 0.0007 -57.3868
1 1.9789 0.0007 84.0507

0 1.9796 0.0007 -53.5523
1 1.9796 0.0007 63.3987

0 1.9803 0.0007 -49.0282
1 1.9803 0.0007 57.4039

0 1.981 0.0007 -44.4347
1 1.981 0.0007 70.8234

0 1.9817 0.0007 -40.9153
1 1.9817 0.0007 73.7326

0 1.9824 0.0007 -37.3479
1 1.9824 0.0007 61.6586

0 1.9831 0.0007 -34.088
1 1.9831 0.0007 62.026

0 1.9838 0.0007 -30.9267
1 1.9838 0.0007 67.9293

0 1.9845 0.0007 -28.6
1 1.9845 0.0007 64.7918

0 1.9852 0.0007 -26.6548
1 1.9852 0.0007 67.8748

0 1.9859 0.0007 -24.9821
1 1.9859 0.0007 63.5501

0 1.9866 0.0007 -23.8362
1 1.9866 0.0007 69.8295

0 1.9873 0.0007 -22.7481
1 1.9873 0.0007 65.7376

0 1.988 0.0007 -22.293
1 1.988 0.0007 55.0611

0 1.9887 0.0007 -21.771
1 1.9887 0.0007 52.6518

0 1.9894 0.0007 -21.3418
1 1.9894 0.0007 87.0767

0 1.9901 0.0007 -23.8637
1 1.9901 0.0007 61.5593

0 1.9908 0.0007 -24.9858
1 1.9908 0.0007 63.1461

0 1.9915 0.0007 -27.4885
1 1.9915 0.0007 67.1523

0 1.9922 0.0007 -29.2102
1 1.9922 0.0007 65.2726

0 1.9929 0.0007 -31.4255
1 1.9929 0.0007 66.7318

0 1.9936 0.0007 -35.1781
1 1.9936 0.0007 61.9124

0 1.9943 0.0007 -38.2243
1 1.9943 0.0007 68.4739

0 1.995 0.0007 -41.8646
1 1.995 0.0007 60.3882

0 1.9957 0.0007 -45.4848
1 1.9957 0.0007 58.615

0 1.9964 0.0007 -49.6026
1 1.9964 0.0007 68.524

0 1.9971 0.0007 -54.173
1 1.9971 0.0007 73.2176

0 1.9978 0.0007 -57.4354
1 1.9978 0.0007 52.975

0 1.9985 0.0007 -62.2322
1 1.9985 0.0007 61.0748

0 1.9992 0.0007 -68.551
1 1.9992 0.0007 71.0203

0 1.9999 0.0007 -72.7658
1 1.9999 0.0007 93.3506

0 2.0006 0.0007 -73.3945
1 2.0006 0.0007 65.1377

0 2.0013 0.0007 -76.6915
1 2.0013 0.0007 49.6801

0 2.002 0.0007 -82.0093
1 2.002 0.0007 52.5703

0 2.0027 0.0007 -89.1847
1 2.0027 0.0007 68.0968

0 2.0034 0.0007 -90.8527
1 2.0034 0.0007 74.3395

0 2.0041 0.0007 -93.3972
1 2.0041 0.0007 61.3365

0 2.0048 0.0007 -96.7506
1 2.0048 0.0007 64.2305

0 2.0055 0.0007 -100.284
1 2.0055 0.0007 64.9846

0 2.0062 0.0007 -101.958
1 2.0062 0.0007 66.6915

0 2.0069 0.0007 -103.693
1 2.0069 0.0007 66.6057

0 2.0076 0.0007 -105.962
1 2.0076 0.0007 69.746

0 2.0083 0.0007 -107.046
1 2.0083 0.0007 72.812

0 2.009 0.0007 -107.829
1 2.009 0.0007 69.0225

0 2.0097 0.0007 -108.937
1 2.0097 0.0007 59.822

0 2.0104 0.0007 -110.11
1 2.0104 0.0007 70.763

0 2.0111 0.0007 -110.264
1 2.0111 0.0007 62.6209

0 2.0118 0.0007 -109.603
1 2.0118 0.0007 51.822

0 2.0125 0.0007 -109.532
1 2.0125 0.0007 91.5911

0 2.0132 0.0007 -108.459
1 2.0132 0.0007 67.8019

0 2.0139 0.0007 -106.816
1 2.0139 0.0007 56.9898

0 2.0146 0.0007 -105.104
1 2.0146 0.0007 73.3969

0 2.0153 0.0007 -103.344
1 2.0153 0.0007 63.3279

0 2.016 0.0007 -101.292
1 2.016 0.0007 64.1251

0 2.0167 0.0007 -98.5301
1 2.0167 0.0007 72.5938

0 2.0174 0.0007 -95.7491
1 2.0174 0.0007 67.2336

0 2.0181 0.0007 -92.9252
1 2.0181 0.0007 64.653

0 2.0188 0.0007 -88.8476
1 2.0188 0.0007 61.529

0 2.0195 0.0007 -85.0255
1 2.0195 0.0007 69.1491

0 2.0202 0.0007 -81.7524
1 2.0202 0.0007 68.8008

0 2.0209 0.0007 -78.1401
1 2.0209 0.0007 62.6745

0 2.0216 0.0007 -71.9021
1 2.0216 0.0007 61.95

0 2.0223 0.0007 -66.979
1 2.0223 0.0007 86.0511

0 2.023 0.0007 -63.6107
1 2.023 0.0007 64.3501

0 2.0237 0.0007 -60.1155
1 2.0237 0.0007 47.0552

0 2.0244 0.0007 -55.6012
1 2.0244 0.0007 50.4248

0 2.0251 0.0007 -48.916
1 2.0251 0.0007 71.3387

0 2.0258 0.0007 -44.2757
1 2.0258 0.0007 84.2752

0 2.0265 0.0007 -40.0323
1 2.0265 0.0007 66.6338

0 2.0272 0.0007 -35.2166
1 2.0272 0.0007 57.1298

0 2.0279 0.0007 -30.0763
1 2.0279 0.0007 71.0897

0 2.0286 0.0007 -25.9171
1 2.0286 0.0007 71.7068

0 2.0293 0.0007 -21.9007
1 2.0293 0.0007 61.5803

0 2.03 0.0007 -18.0931
1 2.03 0.0007 62.5033

0 2.0307 0.0007 -14.4232
1 2.0307 0.0007 67.0028

0 2.0314 0.0007 -11.509
1 2.0314 0.0007 66.6098

0 2.0321 0.0007 -9.00395
1 2.0321 0.0007 67.8549

0 2.0328 0.0007 -6.83129
1 2.0328 0.0007 64.7588

0 2.0335 0.0007 -5.08611
1 2.0335 0.0007 67.6595

0 2.0342 0.0007 -3.42182
1 2.0342 0.0007 69.8094

0 2.0349 0.0007 -2.52412
1 2.0349 0.0007 51.5101

0 2.0356 0.0007 -1.60944
1 2.0356 0.0007 56.2326

0 2.0363 0.0007 -0.698909
1 2.0363 0.0007 93.1158

0 2.037 0.0007 -2.83764
1 2.037 0.0007 63.6671

0 2.0377 0.0007 -3.37696
1 2.0377 0.0007 61.4336

0 2.0384 0.0007 -5.11759
1 2.0384 0.0007 65.3127

0 2.0391 0.0007 -6.71956
1 2.0391 0.0007 61.3476

0 2.0398 0.0007 -8.22825
1 2.0398 0.0007 68.9354

0 2.0405 0.0007 -11.3813
1 2.0405 0.0007 61.663

0 2.0412 0.0007 -13.9477
1 2.0412 0.0007 69.1154

0 2.0419 0.0007 -17.0266
1 2.0419 0.0007 62.0948

0 2.0426 0.0007 -20.2768
1 2.0426 0.0007 58.1607

0 2.0433 0.0007 -23.7815
1 2.0433 0.0007 65.9916

0 2.044 0.0007 -27.9226
1 2.044 0.0007 74.4745

0 2.0447 0.0007 -30.6512
1 2.0447 0.0007 54.54

0 2.0454 0.0007 -34.704
1 2.0454 0.0007 59.8488

0 2.0461 0.0007 -40.6347
1 2.0461 0.0007 69.385

0 2.0468 0.0007 -45.0703
1 2.0468 0.0007 96.2759

0 2.0475 0.0007 -45.1918
1 2.0475 0.0007 68.9644

0 2.0482 0.0007 -47.8311
1 2.0482 0.0007 44.9641

0 2.0489 0.0007 -52.0212
1 2.0489 0.0007 53.055

0 2.0496 0.0007 -58.854
1 2.0496 0.0007 65.8587

0 2.0503 0.0007 -60.9117
1 2.0503 0.0007 72.4894

0 2.051 0.0007 -62.3271
1 2.051 0.0007 67.0506

0 2.0517 0.0007 -65.3634
1 2.0517 0.0007 61.1015

0 2.0524 0.0007 -68.753
1 2.0524 0.0007 68.3623

0 2.0531 0.0007 -70.204
1 2.0531 0.0007 67.8819

0 2.0538 0.0007 -71.4074
1 2.0538 0.0007 67.5881

0 2.0545 0.0007 -73.2258
1 2.0545 0.0007 66.0121

0 2.0552 0.0007 -74.2675
1 2.0552 0.0007 73.8637

0 2.0559 0.0007 -74.643
1 2.0559 0.0007 71.7185

0 2.0566 0.0007 -74.9823
1 2.0566 0.0007 61.0276

0 2.0573 0.0007 -75.7958
1 2.0573 0.0007 68.7394

0 2.058 0.0007 -75.5851
1 2.058 0.0007 63.9474

0 2.0587 0.0007 -74.5246
1 2.0587 0.0007 53.1431

0 2.0594 0.0007 -74.0625
1 2.0594 0.0007 93.1737

0 2.0601 0.0007 -72.4941
1 2.0601 0.0007 64.66

0 2.0608 0.0007 -70.652
1 2.0608 0.0007 57.2024

0 2.0615 0.0007 -68.2277
1 2.0615 0.0007 74.2856

0 2.0622 0.0007 -66.0215
1 2.0622 0.0007 64.0599

0 2.0629 0.0007 -63.6555
1 2.0629 0.0007 63.6135

0 2.0636 0.0007 -60.4189
1 2.0636 0.0007 73.6816

0 2.0643 0.0007 -57.2156
1 2.0643 0.0007 68.6952

0 2.065 0.0007 -53.9753
1 2.065 0.0007 64.9804

0 2.0657 0.0007 -49.5262
1 2.0657 0.0007 63.7108

0 2.0664 0.0007 -45.1804
1 2.0664 0.0007 66.3055

0 2.0671 0.0007 -41.5004
1 2.0671 0.0007 71.2978

0 2.0678 0.0007 -37.6699
1 2.0678 0.0007 64.149

0 2.0685 0.0007 -31.1584
1 2.0685 0.0007 59.0241

0 2.0692 0.0007 -25.4336
1 2.0692 0.0007 79.7067

0 2.0699 0.0007 -21.5291
1 2.0699 0.0007 71.5787

0 2.0706 0.0007 -17.6503
1 2.0706 0.0007 48.2504

0 2.0713 0.0007 -13.0272
1 2.0713 0.0007 50.7145

0 2.072 0.0007 -5.90417
1 2.072 0.0007 62.0099

0 2.0727 0.0007 -0.494617
1 2.0727 0.0007 87.567

0 2.0734 0.0007 4.02711
1 2.0734 0.0007 70.1634

0 2.0741 0.0007 9.18827
1 2.0741 0.0007 54.7578

0 2.0748 0.0007 14.8289
1 2.0748 0.0007 67.4788

0 2.0755 0.0007 19.4504
1 2.0755 0.0007 73.2824

0 2.0762 0.0007 23.764
1 2.0762 0.0007 64.4009

0 2.0769 0.0007 27.9957
1 2.0769 0.0007 63.0376

0 2.0776 0.0007 32.1551
1 2.0776 0.0007 68.195

0 2.0783 0.0007 35.639
1 2.0783 0.0007 64.8576

0 2.079 0.0007 38.4465
1 2.079 0.0007 70.0374

0 2.0797 0.0007 41.0866
1 2.0797 0.0007 64.8285

0 2.0804 0.0007 43.2426
1 2.0804 0.0007 68.2049

0 2.0811 0.0007 45.233
1 2.0811 0.0007 71.4363

0 2.0818 0.0007 46.5103
1 2.0818 0.0007 52.5723

0 2.0825 0.0007 47.8348
1 2.0825 0.0007 53.489

0 2.0832 0.0007 49.1873
1 2.0832 0.0007 95.6011

0 2.0839 0.0007 47.4671
1 2.0839 0.0007 62.7298

0 2.0846 0.0007 47.2257
1 2.0846 0.0007 59.3701

0 2.0853 0.0007 46.1957
1 2.0853 0.0007 67.8271

0 2.086 0.0007 44.7236
1 2.086 0.0007 64.422

0 2.0867 0.0007 43.6293
1 2.0867 0.0007 65.7998

0 2.0874 0.0007 40.9885
1 2.0874 0.0007 64.1288

0 2.0881 0.0007 38.5162
1 2.0881 0.0007 65.9575

0 2.0888 0.0007 35.9863
1 2.0888 0.0007 66.6513

0 2.0895 0.0007 33.091
1 2.0895 0.0007 58.1085

0 2.0902 0.0007 29.9443
1 2.0902 0.0007 65.3324

0 2.0909 0.0007 25.8222
1 2.0909 0.0007 73.0216

0 2.0916 0.0007 23.3225
1 2.0916 0.0007 55.8574

0 2.0923 0.0007 20.04
1 2.0923 0.0007 56.9892

0 2.093 0.0007 14.5919
1 2.093 0.0007 70.5112

0 2.0937 0.0007 9.99654
1 2.0937 0.0007 94.1644

0 2.0944 0.0007 10.1761
1 2.0944 0.0007 75.9877

0 2.0951 0.0007 8.21643
1 2.0951 0.0007 47.6642

0 2.0958 0.0007 4.50762
1 2.0958 0.0007 51.0684

0 2.0965 0.0007 -1.99577
1 2.0965 0.0007 64.6254

0 2.0972 0.0007 -4.65543
1 2.0972 0.0007 71.7748

0 2.0979 0.0007 -5.09769
1 2.0979 0.0007 63.991

0 2.0986 0.0007 -7.66086
1 2.0986 0.0007 60.9123

0 2.0993 0.0007 -10.6287
1 2.0993 0.0007 70.0382

0 2.1 0.0007 -12.1424
1 2.1 0.0007 66.8989

