#Turbine    Time(s)    dt(s)    rotor power (W)
0 0 0.0007 0
1 0 0.0007 28837.5

0 0.0007 0.0007 -0
1 0.0007 0.0007 21514.5

0 0.0014 0.0007 -0
1 0.0014 0.0007 14007.3

0 0.0021 0.0007 -0
1 0.0021 0.0007 10149.3

0 0.0028 0.0007 -0
1 0.0028 0.0007 11114.3

0 0.0035 0.0007 -0
1 0.0035 0.0007 12882.7

0 0.0042 0.0007 -0
1 0.0042 0.0007 13129.6

0 0.0049 0.0007 -0
1 0.0049 0.0007 13310.2

0 0.0056 0.0007 -0
1 0.0056 0.0007 12778.4

0 0.0063 0.0007 -0
1 0.0063 0.0007 13793.9

0 0.007 0.0007 -0
1 0.007 0.0007 13379.1

0 0.0077 0.0007 -0
1 0.0077 0.0007 13109.5

0 0.0084 0.0007 -0
1 0.0084 0.0007 14232.4

0 0.0091 0.0007 -0
1 0.0091 0.0007 14624.6

0 0.0098 0.0007 -0
1 0.0098 0.0007 12302.8

0 0.0105 0.0007 -0
1 0.0105 0.0007 13118.3

0 0.0112 0.0007 -0
1 0.0112 0.0007 14790.3

0 0.0119 0.0007 -0
1 0.0119 0.0007 17698.1

0 0.0126 0.0007 -0
1 0.0126 0.0007 14749.6

0 0.0133 0.0007 -0
1 0.0133 0.0007 12634.8

0 0.014 0.0007 -0
1 0.014 0.0007 13010.5

0 0.0147 0.0007 -0
1 0.0147 0.0007 15045.8

0 0.0154 0.0007 -0
1 0.0154 0.0007 15676.2

0 0.0161 0.0007 -0
1 0.0161 0.0007 14139

0 0.0168 0.0007 -0
1 0.0168 0.0007 14519.7

0 0.0175 0.0007 -0
1 0.0175 0.0007 14706

0 0.0182 0.0007 -0
1 0.0182 0.0007 14900.5

0 0.0189 0.0007 -0
1 0.0189 0.0007 15058.1

0 0.0196 0.0007 -0
1 0.0196 0.0007 15121.4

0 0.0203 0.0007 -0
1 0.0203 0.0007 15300.9

0 0.021 0.0007 -0
1 0.021 0.0007 15152

0 0.0217 0.0007 -0
1 0.0217 0.0007 14691

0 0.0224 0.0007 -0
1 0.0224 0.0007 15999.9

0 0.0231 0.0007 -0
1 0.0231 0.0007 14511.2

0 0.0238 0.0007 -0
1 0.0238 0.0007 13447.3

0 0.0245 0.0007 -0
1 0.0245 0.0007 17392.4

0 0.0252 0.0007 -0
1 0.0252 0.0007 15305.6

0 0.0259 0.0007 -0
1 0.0259 0.0007 14327.6

0 0.0266 0.0007 -0
1 0.0266 0.0007 15849.6

0 0.0273 0.0007 -0
1 0.0273 0.0007 14937.5

0 0.028 0.0007 -0
1 0.028 0.0007 14960.4

0 0.0287 0.0007 -0
1 0.0287 0.0007 15840.2

0 0.0294 0.0007 -0
1 0.0294 0.0007 15254.5

0 0.0301 0.0007 -0
1 0.0301 0.0007 15330

0 0.0308 0.0007 -0
1 0.0308 0.0007 14748.3

0 0.0315 0.0007 -0
1 0.0315 0.0007 15448.7

0 0.0322 0.0007 -0
1 0.0322 0.0007 15050.1

0 0.0329 0.0007 -0
1 0.0329 0.0007 14606.8

0 0.0336 0.0007 -0
1 0.0336 0.0007 14866.8

0 0.0343 0.0007 -0
1 0.0343 0.0007 18731.3

0 0.035 0.0007 -0
1 0.035 0.0007 15668.2

0 0.0357 0.0007 -0
1 0.0357 0.0007 13324

0 0.0364 0.0007 -0
1 0.0364 0.0007 13617.8

0 0.0371 0.0007 -0
1 0.0371 0.0007 16032.1

0 0.0378 0.0007 -0
1 0.0378 0.0007 17391.2

0 0.0385 0.0007 -0
1 0.0385 0.0007 15604.2

0 0.0392 0.0007 -0
1 0.0392 0.0007 14257.3

0 0.0399 0.0007 -0
1 0.0399 0.0007 15799.3

0 0.0406 0.0007 -0
1 0.0406 0.0007 16093.5

0 0.0413 0.0007 -0
1 0.0413 0.0007 14919.2

0 0.042 0.0007 -0
1 0.042 0.0007 14662.1

0 0.0427 0.0007 -0
1 0.0427 0.0007 15240.6

0 0.0434 0.0007 -0
1 0.0434 0.0007 15375.9

0 0.0441 0.0007 -0
1 0.0441 0.0007 15427.1

0 0.0448 0.0007 -0
1 0.0448 0.0007 14872.7

0 0.0455 0.0007 -0
1 0.0455 0.0007 15241.4

0 0.0462 0.0007 -0
1 0.0462 0.0007 14829.9

0 0.0469 0.0007 -0
1 0.0469 0.0007 12727.5

0 0.0476 0.0007 -0
1 0.0476 0.0007 12650.4

0 0.0483 0.0007 -0
1 0.0483 0.0007 16304.1

0 0.049 0.0007 -0
1 0.049 0.0007 13472.1

0 0.0497 0.0007 -0
1 0.0497 0.0007 13370.4

0 0.0504 0.0007 -0
1 0.0504 0.0007 13560.2

0 0.0511 0.0007 -0
1 0.0511 0.0007 13188.4

0 0.0518 0.0007 -0
1 0.0518 0.0007 13870.2

0 0.0525 0.0007 -0
1 0.0525 0.0007 13209.2

0 0.0532 0.0007 -0
1 0.0532 0.0007 14022.7

0 0.0539 0.0007 -0
1 0.0539 0.0007 13600

0 0.0546 0.0007 -0
1 0.0546 0.0007 13050.9

0 0.0553 0.0007 -0
1 0.0553 0.0007 13518.5

0 0.056 0.0007 -0
1 0.056 0.0007 14202.5

0 0.0567 0.0007 -0
1 0.0567 0.0007 11702

0 0.0574 0.0007 -0
1 0.0574 0.0007 12265.2

0 0.0581 0.0007 -0
1 0.0581 0.0007 13895.3

0 0.0588 0.0007 -0
1 0.0588 0.0007 17050.2

0 0.0595 0.0007 -0
1 0.0595 0.0007 14074.2

0 0.0602 0.0007 -0
1 0.0602 0.0007 11265.5

0 0.0609 0.0007 -0
1 0.0609 0.0007 11964

0 0.0616 0.0007 -0
1 0.0616 0.0007 13691.1

0 0.0623 0.0007 -0
1 0.0623 0.0007 14258.7

0 0.063 0.0007 -0
1 0.063 0.0007 13474.8

0 0.0637 0.0007 -0
1 0.0637 0.0007 12901.7

0 0.0644 0.0007 -0
1 0.0644 0.0007 13572.5

0 0.0651 0.0007 -0
1 0.0651 0.0007 13502.8

0 0.0658 0.0007 -0
1 0.0658 0.0007 13587.6

0 0.0665 0.0007 -0
1 0.0665 0.0007 13550.9

0 0.0672 0.0007 -0
1 0.0672 0.0007 14193.7

0 0.0679 0.0007 -0
1 0.0679 0.0007 14092.6

0 0.0686 0.0007 -0
1 0.0686 0.0007 13220.9

0 0.0693 0.0007 -0
1 0.0693 0.0007 13973.3

0 0.07 0.0007 -0
1 0.07 0.0007 13214.9

0 0.0707 0.0007 -0
1 0.0707 0.0007 11780

0 0.0714 0.0007 -0
1 0.0714 0.0007 16289

0 0.0721 0.0007 -0
1 0.0721 0.0007 13454.5

0 0.0728 0.0007 -0
1 0.0728 0.0007 12469.5

0 0.0735 0.0007 -0
1 0.0735 0.0007 14094.7

0 0.0742 0.0007 -0
1 0.0742 0.0007 13214.6

0 0.0749 0.0007 -0
1 0.0749 0.0007 13344.9

0 0.0756 0.0007 -0
1 0.0756 0.0007 14340.3

0 0.0763 0.0007 -0
1 0.0763 0.0007 13630.5

0 0.077 0.0007 -0
1 0.077 0.0007 13461.7

0 0.0777 0.0007 -0
1 0.0777 0.0007 12892.4

0 0.0784 0.0007 -0
1 0.0784 0.0007 13532

0 0.0791 0.0007 -0
1 0.0791 0.0007 13474.4

0 0.0798 0.0007 -0
1 0.0798 0.0007 13033.9

0 0.0805 0.0007 -0
1 0.0805 0.0007 13243.7

0 0.0812 0.0007 -0
1 0.0812 0.0007 15673.1

0 0.0819 0.0007 -0
1 0.0819 0.0007 14167

0 0.0826 0.0007 -0
1 0.0826 0.0007 11340.4

0 0.0833 0.0007 -0
1 0.0833 0.0007 11537.1

0 0.084 0.0007 -0
1 0.084 0.0007 12915.5

0 0.0847 0.0007 -0
1 0.0847 0.0007 15815.5

0 0.0854 0.0007 -0
1 0.0854 0.0007 13632.6

0 0.0861 0.0007 -0
1 0.0861 0.0007 12146.4

0 0.0868 0.0007 -0
1 0.0868 0.0007 13753.3

0 0.0875 0.0007 -0
1 0.0875 0.0007 13676

0 0.0882 0.0007 -0
1 0.0882 0.0007 13102.2

0 0.0889 0.0007 -0
1 0.0889 0.0007 12704.1

0 0.0896 0.0007 -0
1 0.0896 0.0007 13552.2

0 0.0903 0.0007 -0
1 0.0903 0.0007 13066.4

0 0.091 0.0007 -0
1 0.091 0.0007 13566.6

0 0.0917 0.0007 -0
1 0.0917 0.0007 13041.8

0 0.0924 0.0007 -0
1 0.0924 0.0007 13524.9

0 0.0931 0.0007 -0
1 0.0931 0.0007 13625.4

0 0.0938 0.0007 -0
1 0.0938 0.0007 11497.7

0 0.0945 0.0007 -0
1 0.0945 0.0007 11387.5

0 0.0952 0.0007 -0
1 0.0952 0.0007 16125.3

0 0.0959 0.0007 -0
1 0.0959 0.0007 12598.2

0 0.0966 0.0007 -0
1 0.0966 0.0007 12140.4

0 0.0973 0.0007 -0
1 0.0973 0.0007 13071.7

0 0.098 0.0007 -0
1 0.098 0.0007 12787.2

0 0.0987 0.0007 -0
1 0.0987 0.0007 12922.6

0 0.0994 0.0007 -0
1 0.0994 0.0007 12740.1

0 0.1001 0.0007 -0
1 0.1001 0.0007 13126.9

0 0.1008 0.0007 -0
1 0.1008 0.0007 12977.6

0 0.1015 0.0007 -0
1 0.1015 0.0007 12232.8

0 0.1022 0.0007 -0
1 0.1022 0.0007 12786.6

0 0.1029 0.0007 -0
1 0.1029 0.0007 13191.4

0 0.1036 0.0007 -0
1 0.1036 0.0007 11394

0 0.1043 0.0007 -0
1 0.1043 0.0007 11503

0 0.105 0.0007 -0
1 0.105 0.0007 12952.2

0 0.1057 0.0007 -0
1 0.1057 0.0007 16141.6

0 0.1064 0.0007 -0
1 0.1064 0.0007 13860.6

0 0.1071 0.0007 -0
1 0.1071 0.0007 10713.2

0 0.1078 0.0007 -0
1 0.1078 0.0007 10988.8

0 0.1085 0.0007 -0
1 0.1085 0.0007 12765.8

0 0.1092 0.0007 -0
1 0.1092 0.0007 13172.4

0 0.1099 0.0007 -0
1 0.1099 0.0007 12855

0 0.1106 0.0007 -0
1 0.1106 0.0007 12019.3

0 0.1113 0.0007 -0
1 0.1113 0.0007 12929.7

0 0.112 0.0007 -0
1 0.112 0.0007 12471.7

0 0.1127 0.0007 -0
1 0.1127 0.0007 12656.6

0 0.1134 0.0007 -0
1 0.1134 0.0007 12569.2

0 0.1141 0.0007 -0
1 0.1141 0.0007 13319.2

0 0.1148 0.0007 -0
1 0.1148 0.0007 13352.8

0 0.1155 0.0007 -0
1 0.1155 0.0007 12355.6

0 0.1162 0.0007 -0
1 0.1162 0.0007 12779.3

0 0.1169 0.0007 -0
1 0.1169 0.0007 12710.6

0 0.1176 0.0007 -0
1 0.1176 0.0007 11374.8

0 0.1183 0.0007 -0
1 0.1183 0.0007 15558.5

0 0.119 0.0007 -0
1 0.119 0.0007 12929

0 0.1197 0.0007 -0
1 0.1197 0.0007 11895.6

0 0.1204 0.0007 -0
1 0.1204 0.0007 13063.9

0 0.1211 0.0007 -0
1 0.1211 0.0007 12249.1

0 0.1218 0.0007 -0
1 0.1218 0.0007 12355

0 0.1225 0.0007 -0
1 0.1225 0.0007 13026.7

0 0.1232 0.0007 -0
1 0.1232 0.0007 12866

0 0.1239 0.0007 -0
1 0.1239 0.0007 12562.1

0 0.1246 0.0007 -0
1 0.1246 0.0007 12083.7

0 0.1253 0.0007 -0
1 0.1253 0.0007 12296.6

0 0.126 0.0007 -0
1 0.126 0.0007 12798

0 0.1267 0.0007 -0
1 0.1267 0.0007 12392.1

0 0.1274 0.0007 -0
1 0.1274 0.0007 12241

0 0.1281 0.0007 -0
1 0.1281 0.0007 14343.2

0 0.1288 0.0007 -0
1 0.1288 0.0007 13633.3

0 0.1295 0.0007 -0
1 0.1295 0.0007 10449.4

0 0.1302 0.0007 -0
1 0.1302 0.0007 10720.9

0 0.1309 0.0007 -0
1 0.1309 0.0007 11308.5

0 0.1316 0.0007 -0
1 0.1316 0.0007 14626.4

0 0.1323 0.0007 -0
1 0.1323 0.0007 13295.3

0 0.133 0.0007 -0
1 0.133 0.0007 11324.9

0 0.1337 0.0007 -0
1 0.1337 0.0007 12239.3

0 0.1344 0.0007 -0
1 0.1344 0.0007 12958.3

0 0.1351 0.0007 -0
1 0.1351 0.0007 12441.8

0 0.1358 0.0007 -0
1 0.1358 0.0007 11774.1

0 0.1365 0.0007 -0
1 0.1365 0.0007 12950.6

0 0.1372 0.0007 -0
1 0.1372 0.0007 12572.3

0 0.1379 0.0007 -0
1 0.1379 0.0007 12676

0 0.1386 0.0007 -0
1 0.1386 0.0007 12204

0 0.1393 0.0007 -0
1 0.1393 0.0007 12728.3

0 0.14 0.0007 -0
1 0.14 0.0007 13226

0 0.1407 0.0007 -0
1 0.1407 0.0007 10958.2

0 0.1414 0.0007 -0
1 0.1414 0.0007 10749.9

0 0.1421 0.0007 -0
1 0.1421 0.0007 15172.9

0 0.1428 0.0007 -0
1 0.1428 0.0007 12462.3

0 0.1435 0.0007 -0
1 0.1435 0.0007 11379.8

0 0.1442 0.0007 -0
1 0.1442 0.0007 12525.1

0 0.1449 0.0007 -0
1 0.1449 0.0007 12659

0 0.1456 0.0007 -0
1 0.1456 0.0007 12413.9

0 0.1463 0.0007 -0
1 0.1463 0.0007 12139.6

0 0.147 0.0007 -0
1 0.147 0.0007 12096.4

0 0.1477 0.0007 -0
1 0.1477 0.0007 12480.4

0 0.1484 0.0007 -0
1 0.1484 0.0007 11762.9

0 0.1491 0.0007 -0
1 0.1491 0.0007 12029.2

0 0.1498 0.0007 -0
1 0.1498 0.0007 12930.9

0 0.1505 0.0007 -0
1 0.1505 0.0007 10920.6

0 0.1512 0.0007 -0
1 0.1512 0.0007 10979.1

0 0.1519 0.0007 -0
1 0.1519 0.0007 12196.6

0 0.1526 0.0007 -0
1 0.1526 0.0007 15522.7

0 0.1533 0.0007 -0
1 0.1533 0.0007 13723.4

0 0.154 0.0007 -0
1 0.154 0.0007 10751.2

0 0.1547 0.0007 -0
1 0.1547 0.0007 10022

0 0.1554 0.0007 -0
1 0.1554 0.0007 11817.8

0 0.1561 0.0007 -0
1 0.1561 0.0007 12662.8

0 0.1568 0.0007 -0
1 0.1568 0.0007 12143.8

0 0.1575 0.0007 -0
1 0.1575 0.0007 11572.9

0 0.1582 0.0007 -0
1 0.1582 0.0007 12471.6

0 0.1589 0.0007 -0
1 0.1589 0.0007 12203.6

0 0.1596 0.0007 -0
1 0.1596 0.0007 12238.4

0 0.1603 0.0007 -0
1 0.1603 0.0007 11718.3

0 0.161 0.0007 -0
1 0.161 0.0007 12578

0 0.1617 0.0007 -0
1 0.1617 0.0007 13175.8

0 0.1624 0.0007 -0
1 0.1624 0.0007 11556.6

0 0.1631 0.0007 -0
1 0.1631 0.0007 12247.1

0 0.1638 0.0007 -0
1 0.1638 0.0007 12285.9

0 0.1645 0.0007 -0
1 0.1645 0.0007 11155.3

0 0.1652 0.0007 -0
1 0.1652 0.0007 10466.1

0 0.1659 0.0007 -0
1 0.1659 0.0007 13495.9

0 0.1666 0.0007 -0
1 0.1666 0.0007 11706.3

0 0.1673 0.0007 -0
1 0.1673 0.0007 12554

0 0.168 0.0007 -0
1 0.168 0.0007 12101.3

0 0.1687 0.0007 -0
1 0.1687 0.0007 11158.2

0 0.1694 0.0007 -0
1 0.1694 0.0007 12528.4

0 0.1701 0.0007 -0
1 0.1701 0.0007 12428.7

0 0.1708 0.0007 -0
1 0.1708 0.0007 12133.9

0 0.1715 0.0007 -0
1 0.1715 0.0007 11668.6

0 0.1722 0.0007 -0
1 0.1722 0.0007 11717.5

0 0.1729 0.0007 -0
1 0.1729 0.0007 12396.6

0 0.1736 0.0007 -0
1 0.1736 0.0007 11815.6

0 0.1743 0.0007 -0
1 0.1743 0.0007 11929.1

0 0.175 0.0007 -0
1 0.175 0.0007 13056.9

0 0.1757 0.0007 -0
1 0.1757 0.0007 13660

0 0.1764 0.0007 -0
1 0.1764 0.0007 10140.7

0 0.1771 0.0007 -0
1 0.1771 0.0007 10240.5

0 0.1778 0.0007 -0
1 0.1778 0.0007 10305.5

0 0.1785 0.0007 -0
1 0.1785 0.0007 13982.7

0 0.1792 0.0007 -0
1 0.1792 0.0007 13217.7

0 0.1799 0.0007 -0
1 0.1799 0.0007 11199.2

0 0.1806 0.0007 -0
1 0.1806 0.0007 11253.4

0 0.1813 0.0007 -0
1 0.1813 0.0007 12523.1

0 0.182 0.0007 -0
1 0.182 0.0007 12222.1

0 0.1827 0.0007 -0
1 0.1827 0.0007 11177.6

0 0.1834 0.0007 -0
1 0.1834 0.0007 12477.4

0 0.1841 0.0007 -0
1 0.1841 0.0007 12050.8

0 0.1848 0.0007 -0
1 0.1848 0.0007 11992.4

0 0.1855 0.0007 -0
1 0.1855 0.0007 12014.4

0 0.1862 0.0007 -0
1 0.1862 0.0007 12101.6

0 0.1869 0.0007 -0
1 0.1869 0.0007 12948.6

0 0.1876 0.0007 -0
1 0.1876 0.0007 10755.5

0 0.1883 0.0007 -0
1 0.1883 0.0007 10576.7

0 0.189 0.0007 -0
1 0.189 0.0007 15156.4

0 0.1897 0.0007 -0
1 0.1897 0.0007 12046.9

0 0.1904 0.0007 -0
1 0.1904 0.0007 10746.1

0 0.1911 0.0007 -0
1 0.1911 0.0007 12149.4

0 0.1918 0.0007 -0
1 0.1918 0.0007 12178

0 0.1925 0.0007 -0
1 0.1925 0.0007 11588.3

0 0.1932 0.0007 -0
1 0.1932 0.0007 11709.4

0 0.1939 0.0007 -0
1 0.1939 0.0007 11749.4

0 0.1946 0.0007 -0
1 0.1946 0.0007 12143.8

0 0.1953 0.0007 -0
1 0.1953 0.0007 11433.5

0 0.196 0.0007 -0
1 0.196 0.0007 11574.1

0 0.1967 0.0007 -0
1 0.1967 0.0007 12192.8

0 0.1974 0.0007 -0
1 0.1974 0.0007 11149.2

0 0.1981 0.0007 -0
1 0.1981 0.0007 10512.6

0 0.1988 0.0007 -0
1 0.1988 0.0007 11466.8

0 0.1995 0.0007 -0
1 0.1995 0.0007 14281.5

0 0.2002 0.0007 -0
1 0.2002 0.0007 13898.9

0 0.2009 0.0007 -0
1 0.2009 0.0007 10520

0 0.2016 0.0007 -0
1 0.2016 0.0007 9974.25

0 0.2023 0.0007 -0
1 0.2023 0.0007 11125.6

0 0.203 0.0007 -0
1 0.203 0.0007 12354.3

0 0.2037 0.0007 -0
1 0.2037 0.0007 11940.7

0 0.2044 0.0007 -0
1 0.2044 0.0007 11285.1

0 0.2051 0.0007 -0
1 0.2051 0.0007 12133.7

0 0.2058 0.0007 -0
1 0.2058 0.0007 11687.7

0 0.2065 0.0007 -0
1 0.2065 0.0007 12104.5

0 0.2072 0.0007 -0
1 0.2072 0.0007 11694

0 0.2079 0.0007 -0
1 0.2079 0.0007 12230.3

0 0.2086 0.0007 -0
1 0.2086 0.0007 12459.8

0 0.2093 0.0007 -0
1 0.2093 0.0007 11403.4

0 0.21 0.0007 -0
1 0.21 0.0007 11594.6

0 0.2107 0.0007 -0
1 0.2107 0.0007 12150.5

0 0.2114 0.0007 -0
1 0.2114 0.0007 10810.5

0 0.2121 0.0007 -0
1 0.2121 0.0007 10140.8

0 0.2128 0.0007 -0
1 0.2128 0.0007 13555.4

0 0.2135 0.0007 -0
1 0.2135 0.0007 11745.4

0 0.2142 0.0007 -0
1 0.2142 0.0007 12035.8

0 0.2149 0.0007 -0
1 0.2149 0.0007 11797.7

0 0.2156 0.0007 -0
1 0.2156 0.0007 10871.3

0 0.2163 0.0007 -0
1 0.2163 0.0007 12110.2

0 0.217 0.0007 -0
1 0.217 0.0007 12393.8

0 0.2177 0.0007 -0
1 0.2177 0.0007 11929.3

0 0.2184 0.0007 -0
1 0.2184 0.0007 11357

0 0.2191 0.0007 -0
1 0.2191 0.0007 11171.5

0 0.2198 0.0007 -0
1 0.2198 0.0007 12097.6

0 0.2205 0.0007 -0
1 0.2205 0.0007 11192.6

0 0.2212 0.0007 -0
1 0.2212 0.0007 11566

0 0.2219 0.0007 -0
1 0.2219 0.0007 12492.8

0 0.2226 0.0007 -0
1 0.2226 0.0007 13459.1

0 0.2233 0.0007 -0
1 0.2233 0.0007 10462.8

0 0.224 0.0007 -0
1 0.224 0.0007 9735.72

0 0.2247 0.0007 -0
1 0.2247 0.0007 9845.49

0 0.2254 0.0007 -0
1 0.2254 0.0007 13346.4

0 0.2261 0.0007 -0
1 0.2261 0.0007 13184.4

0 0.2268 0.0007 -0
1 0.2268 0.0007 11045.9

0 0.2275 0.0007 -0
1 0.2275 0.0007 10847.5

0 0.2282 0.0007 -0
1 0.2282 0.0007 12255

0 0.2289 0.0007 -0
1 0.2289 0.0007 12071.2

0 0.2296 0.0007 -0
1 0.2296 0.0007 11099.3

0 0.2303 0.0007 -0
1 0.2303 0.0007 11584.4

0 0.231 0.0007 -0
1 0.231 0.0007 11705.8

0 0.2317 0.0007 -0
1 0.2317 0.0007 11775.5

0 0.2324 0.0007 -0
1 0.2324 0.0007 11968.6

0 0.2331 0.0007 -0
1 0.2331 0.0007 11868.9

0 0.2338 0.0007 -0
1 0.2338 0.0007 12582.6

0 0.2345 0.0007 -0
1 0.2345 0.0007 10756.7

0 0.2352 0.0007 -0
1 0.2352 0.0007 9801.77

0 0.2359 0.0007 -0
1 0.2359 0.0007 15163.3

0 0.2366 0.0007 -0
1 0.2366 0.0007 12053.8

0 0.2373 0.0007 -0
1 0.2373 0.0007 10458.8

0 0.238 0.0007 -0
1 0.238 0.0007 11549.4

0 0.2387 0.0007 -0
1 0.2387 0.0007 12184

0 0.2394 0.0007 -0
1 0.2394 0.0007 11717.5

0 0.2401 0.0007 -0
1 0.2401 0.0007 11575.1

0 0.2408 0.0007 -0
1 0.2408 0.0007 11454.3

0 0.2415 0.0007 -0
1 0.2415 0.0007 11745.8

0 0.2422 0.0007 -0
1 0.2422 0.0007 11183.5

0 0.2429 0.0007 -0
1 0.2429 0.0007 11277.9

0 0.2436 0.0007 -0
1 0.2436 0.0007 11827.8

0 0.2443 0.0007 -0
1 0.2443 0.0007 11355.7

0 0.245 0.0007 -0
1 0.245 0.0007 10223.4

0 0.2457 0.0007 -0
1 0.2457 0.0007 10964.8

0 0.2464 0.0007 -0
1 0.2464 0.0007 13169.6

0 0.2471 0.0007 -0
1 0.2471 0.0007 14035.6

0 0.2478 0.0007 -0
1 0.2478 0.0007 10828.1

0 0.2485 0.0007 -0
1 0.2485 0.0007 9731.19

0 0.2492 0.0007 -0
1 0.2492 0.0007 10674.8

0 0.2499 0.0007 -0
1 0.2499 0.0007 12025.1

0 0.2506 0.0007 -0
1 0.2506 0.0007 11801.7

0 0.2513 0.0007 -0
1 0.2513 0.0007 11404.3

0 0.252 0.0007 -0
1 0.252 0.0007 11593.4

0 0.2527 0.0007 -0
1 0.2527 0.0007 11545.3

0 0.2534 0.0007 -0
1 0.2534 0.0007 11596

0 0.2541 0.0007 -0
1 0.2541 0.0007 11473.2

0 0.2548 0.0007 -0
1 0.2548 0.0007 12006.8

0 0.2555 0.0007 -0
1 0.2555 0.0007 12215.4

0 0.2562 0.0007 -0
1 0.2562 0.0007 11515.3

0 0.2569 0.0007 -0
1 0.2569 0.0007 11008.5

0 0.2576 0.0007 -0
1 0.2576 0.0007 12293.7

0 0.2583 0.0007 -0
1 0.2583 0.0007 10912.3

0 0.259 0.0007 -0
1 0.259 0.0007 9874.78

0 0.2597 0.0007 -0
1 0.2597 0.0007 13828.7

0 0.2604 0.0007 -0
1 0.2604 0.0007 11515.7

0 0.2611 0.0007 -0
1 0.2611 0.0007 11498.8

0 0.2618 0.0007 -0
1 0.2618 0.0007 11795.5

0 0.2625 0.0007 -0
1 0.2625 0.0007 10825.1

0 0.2632 0.0007 -0
1 0.2632 0.0007 11598.6

0 0.2639 0.0007 -0
1 0.2639 0.0007 12202.7

0 0.2646 0.0007 -0
1 0.2646 0.0007 11650.6

0 0.2653 0.0007 -0
1 0.2653 0.0007 11478.8

0 0.266 0.0007 -0
1 0.266 0.0007 10836.2

0 0.2667 0.0007 -0
1 0.2667 0.0007 12219.9

0 0.2674 0.0007 -0
1 0.2674 0.0007 10940.1

0 0.2681 0.0007 -0
1 0.2681 0.0007 11130.4

0 0.2688 0.0007 -0
1 0.2688 0.0007 11993.4

0 0.2695 0.0007 -0
1 0.2695 0.0007 13501.6

0 0.2702 0.0007 -0
1 0.2702 0.0007 10383.7

0 0.2709 0.0007 -0
1 0.2709 0.0007 9509.8

0 0.2716 0.0007 -0
1 0.2716 0.0007 9633.98

0 0.2723 0.0007 -0
1 0.2723 0.0007 12908.3

0 0.273 0.0007 -0
1 0.273 0.0007 13246.6

0 0.2737 0.0007 -0
1 0.2737 0.0007 11094.7

0 0.2744 0.0007 -0
1 0.2744 0.0007 10348.2

0 0.2751 0.0007 -0
1 0.2751 0.0007 11861.7

0 0.2758 0.0007 -0
1 0.2758 0.0007 11768.5

0 0.2765 0.0007 -0
1 0.2765 0.0007 11027.3

0 0.2772 0.0007 -0
1 0.2772 0.0007 11043.5

0 0.2779 0.0007 -0
1 0.2779 0.0007 11714.9

0 0.2786 0.0007 -0
1 0.2786 0.0007 11731.7

0 0.2793 0.0007 -0
1 0.2793 0.0007 11935.9

0 0.28 0.0007 -0
1 0.28 0.0007 10978.5

0 0.2807 0.0007 -0
1 0.2807 0.0007 12022.8

0 0.2814 0.0007 -0
1 0.2814 0.0007 11096.6

0 0.2821 0.0007 -0
1 0.2821 0.0007 10028.6

0 0.2828 0.0007 -0
1 0.2828 0.0007 14990.5

0 0.2835 0.0007 -0
1 0.2835 0.0007 12021.2

0 0.2842 0.0007 -0
1 0.2842 0.0007 10008.8

0 0.2849 0.0007 -0
1 0.2849 0.0007 11533

0 0.2856 0.0007 -0
1 0.2856 0.0007 11618.3

0 0.2863 0.0007 -0
1 0.2863 0.0007 11585.3

0 0.287 0.0007 -0
1 0.287 0.0007 11402.5

0 0.2877 0.0007 -0
1 0.2877 0.0007 11081.9

0 0.2884 0.0007 -0
1 0.2884 0.0007 11906.6

0 0.2891 0.0007 -0
1 0.2891 0.0007 11136.9

0 0.2898 0.0007 -0
1 0.2898 0.0007 10937

0 0.2905 0.0007 -0
1 0.2905 0.0007 11591.7

0 0.2912 0.0007 -0
1 0.2912 0.0007 11601.6

0 0.2919 0.0007 -0
1 0.2919 0.0007 9898.7

0 0.2926 0.0007 -0
1 0.2926 0.0007 10901

0 0.2933 0.0007 -0
1 0.2933 0.0007 12446.2

0 0.294 0.0007 -0
1 0.294 0.0007 14222.6

0 0.2947 0.0007 -0
1 0.2947 0.0007 11055.5

0 0.2954 0.0007 -0
1 0.2954 0.0007 9406.93

0 0.2961 0.0007 -0
1 0.2961 0.0007 9914.07

0 0.2968 0.0007 -0
1 0.2968 0.0007 11838.2

0 0.2975 0.0007 -0
1 0.2975 0.0007 11853.2

0 0.2982 0.0007 -0
1 0.2982 0.0007 11153.5

0 0.2989 0.0007 -0
1 0.2989 0.0007 11335

0 0.2996 0.0007 -0
1 0.2996 0.0007 11250.1

0 0.3003 0.0007 -0
1 0.3003 0.0007 11415.6

0 0.301 0.0007 -0
1 0.301 0.0007 11586.6

0 0.3017 0.0007 -0
1 0.3017 0.0007 11623.7

0 0.3024 0.0007 -0
1 0.3024 0.0007 12089.3

0 0.3031 0.0007 -0
1 0.3031 0.0007 11388.2

0 0.3038 0.0007 -0
1 0.3038 0.0007 10882.4

0 0.3045 0.0007 -0
1 0.3045 0.0007 12460

0 0.3052 0.0007 -0
1 0.3052 0.0007 10702.1

0 0.3059 0.0007 -0
1 0.3059 0.0007 9904.38

0 0.3066 0.0007 -0
1 0.3066 0.0007 13585.9

0 0.3073 0.0007 -0
1 0.3073 0.0007 11403

0 0.308 0.0007 -0
1 0.308 0.0007 10933.2

0 0.3087 0.0007 -0
1 0.3087 0.0007 11909.8

0 0.3094 0.0007 -0
1 0.3094 0.0007 11086.7

0 0.3101 0.0007 -0
1 0.3101 0.0007 10988

0 0.3108 0.0007 -0
1 0.3108 0.0007 11962.4

0 0.3115 0.0007 -0
1 0.3115 0.0007 11412.7

0 0.3122 0.0007 -0
1 0.3122 0.0007 11279.8

0 0.3129 0.0007 -0
1 0.3129 0.0007 10727.4

0 0.3136 0.0007 -0
1 0.3136 0.0007 11787.6

0 0.3143 0.0007 -0
1 0.3143 0.0007 11041.7

0 0.315 0.0007 -0
1 0.315 0.0007 10892.9

0 0.3157 0.0007 -0
1 0.3157 0.0007 11685.9

0 0.3164 0.0007 -0
1 0.3164 0.0007 13572

0 0.3171 0.0007 -0
1 0.3171 0.0007 10659.8

0 0.3178 0.0007 -0
1 0.3178 0.0007 9430.4

0 0.3185 0.0007 -0
1 0.3185 0.0007 9681.99

0 0.3192 0.0007 -0
1 0.3192 0.0007 12022.5

0 0.3199 0.0007 -0
1 0.3199 0.0007 13221.8

0 0.3206 0.0007 -0
1 0.3206 0.0007 11237.8

0 0.3213 0.0007 -0
1 0.3213 0.0007 10363.1

0 0.322 0.0007 -0
1 0.322 0.0007 11631.6

0 0.3227 0.0007 -0
1 0.3227 0.0007 11864.9

0 0.3234 0.0007 -0
1 0.3234 0.0007 10791.3

0 0.3241 0.0007 -0
1 0.3241 0.0007 10976.7

0 0.3248 0.0007 -0
1 0.3248 0.0007 11636.1

0 0.3255 0.0007 -0
1 0.3255 0.0007 11263.4

0 0.3262 0.0007 -0
1 0.3262 0.0007 11417.4

0 0.3269 0.0007 -0
1 0.3269 0.0007 11148.5

0 0.3276 0.0007 -0
1 0.3276 0.0007 11818.2

0 0.3283 0.0007 -0
1 0.3283 0.0007 11311.1

0 0.329 0.0007 -0
1 0.329 0.0007 10227

0 0.3297 0.0007 -0
1 0.3297 0.0007 9910.28

0 0.3304 0.0007 -0
1 0.3304 0.0007 13378.1

0 0.3311 0.0007 -0
1 0.3311 0.0007 10941.6

0 0.3318 0.0007 -0
1 0.3318 0.0007 11140.2

0 0.3325 0.0007 -0
1 0.3325 0.0007 11538.7

0 0.3332 0.0007 -0
1 0.3332 0.0007 11295.5

0 0.3339 0.0007 -0
1 0.3339 0.0007 11444.5

0 0.3346 0.0007 -0
1 0.3346 0.0007 11018.6

0 0.3353 0.0007 -0
1 0.3353 0.0007 11658.9

0 0.336 0.0007 -0
1 0.336 0.0007 10881.4

0 0.3367 0.0007 -0
1 0.3367 0.0007 10685.2

0 0.3374 0.0007 -0
1 0.3374 0.0007 11462.8

0 0.3381 0.0007 -0
1 0.3381 0.0007 11729.6

0 0.3388 0.0007 -0
1 0.3388 0.0007 9793.88

0 0.3395 0.0007 -0
1 0.3395 0.0007 10475.6

0 0.3402 0.0007 -0
1 0.3402 0.0007 12025.5

0 0.3409 0.0007 -0
1 0.3409 0.0007 14216.4

0 0.3416 0.0007 -0
1 0.3416 0.0007 11360.9

0 0.3423 0.0007 -0
1 0.3423 0.0007 9612.65

0 0.343 0.0007 -0
1 0.343 0.0007 9814.12

0 0.3437 0.0007 -0
1 0.3437 0.0007 11311.5

0 0.3444 0.0007 -0
1 0.3444 0.0007 12031.5

0 0.3451 0.0007 -0
1 0.3451 0.0007 10903.8

0 0.3458 0.0007 -0
1 0.3458 0.0007 11074.5

0 0.3465 0.0007 -0
1 0.3465 0.0007 11182.3

0 0.3472 0.0007 -0
1 0.3472 0.0007 11216.2

0 0.3479 0.0007 -0
1 0.3479 0.0007 11250.3

0 0.3486 0.0007 -0
1 0.3486 0.0007 11643.5

0 0.3493 0.0007 -0
1 0.3493 0.0007 11981.8

0 0.35 0.0007 -0
1 0.35 0.0007 11559.3

0 0.3507 0.0007 -0
1 0.3507 0.0007 10780.6

0 0.3514 0.0007 -0
1 0.3514 0.0007 11718.6

0 0.3521 0.0007 -0
1 0.3521 0.0007 10738.2

0 0.3528 0.0007 -0
1 0.3528 0.0007 9685.04

0 0.3535 0.0007 -0
1 0.3535 0.0007 13727.3

0 0.3542 0.0007 -0
1 0.3542 0.0007 11527.6

0 0.3549 0.0007 -0
1 0.3549 0.0007 10317.9

0 0.3556 0.0007 -0
1 0.3556 0.0007 11767.2

0 0.3563 0.0007 -0
1 0.3563 0.0007 11044.3

0 0.357 0.0007 -0
1 0.357 0.0007 10935.9

0 0.3577 0.0007 -0
1 0.3577 0.0007 11776.2

0 0.3584 0.0007 -0
1 0.3584 0.0007 11187.5

0 0.3591 0.0007 -0
1 0.3591 0.0007 10984.9

0 0.3598 0.0007 -0
1 0.3598 0.0007 10652.2

0 0.3605 0.0007 -0
1 0.3605 0.0007 11301.8

0 0.3612 0.0007 -0
1 0.3612 0.0007 11282.9

0 0.3619 0.0007 -0
1 0.3619 0.0007 11056

0 0.3626 0.0007 -0
1 0.3626 0.0007 11217.7

0 0.3633 0.0007 -0
1 0.3633 0.0007 13382.2

0 0.364 0.0007 -0
1 0.364 0.0007 11085

0 0.3647 0.0007 -0
1 0.3647 0.0007 9149.31

0 0.3654 0.0007 -0
1 0.3654 0.0007 9460.99

0 0.3661 0.0007 -0
1 0.3661 0.0007 11448.9

0 0.3668 0.0007 -0
1 0.3668 0.0007 13128.9

0 0.3675 0.0007 -0
1 0.3675 0.0007 11374.2

0 0.3682 0.0007 -0
1 0.3682 0.0007 10238

0 0.3689 0.0007 -0
1 0.3689 0.0007 11530.3

0 0.3696 0.0007 -0
1 0.3696 0.0007 11607.7

0 0.3703 0.0007 -0
1 0.3703 0.0007 10694

0 0.371 0.0007 -0
1 0.371 0.0007 10901.6

0 0.3717 0.0007 -0
1 0.3717 0.0007 11442.3

0 0.3724 0.0007 -0
1 0.3724 0.0007 11350.9

0 0.3731 0.0007 -0
1 0.3731 0.0007 11390.7

0 0.3738 0.0007 -0
1 0.3738 0.0007 11101.5

0 0.3745 0.0007 -0
1 0.3745 0.0007 11449.5

0 0.3752 0.0007 -0
1 0.3752 0.0007 11550

0 0.3759 0.0007 -0
1 0.3759 0.0007 9792.59

0 0.3766 0.0007 -0
1 0.3766 0.0007 10125.5

0 0.3773 0.0007 -0
1 0.3773 0.0007 13758.5

0 0.378 0.0007 -0
1 0.378 0.0007 11034

0 0.3787 0.0007 -0
1 0.3787 0.0007 10824

0 0.3794 0.0007 -0
1 0.3794 0.0007 11174.9

0 0.3801 0.0007 -0
1 0.3801 0.0007 10780.6

0 0.3808 0.0007 -0
1 0.3808 0.0007 11552.6

0 0.3815 0.0007 -0
1 0.3815 0.0007 10900.2

0 0.3822 0.0007 -0
1 0.3822 0.0007 11646.2

0 0.3829 0.0007 -0
1 0.3829 0.0007 10920.3

0 0.3836 0.0007 -0
1 0.3836 0.0007 10510

0 0.3843 0.0007 -0
1 0.3843 0.0007 11136.2

0 0.385 0.0007 -0
1 0.385 0.0007 11810.9

0 0.3857 0.0007 -0
1 0.3857 0.0007 9844.21

0 0.3864 0.0007 -0
1 0.3864 0.0007 10209.1

0 0.3871 0.0007 -0
1 0.3871 0.0007 11718

0 0.3878 0.0007 -0
1 0.3878 0.0007 14425.4

0 0.3885 0.0007 -0
1 0.3885 0.0007 11645.3

0 0.3892 0.0007 -0
1 0.3892 0.0007 9085.96

0 0.3899 0.0007 -0
1 0.3899 0.0007 9742.23

0 0.3906 0.0007 -0
1 0.3906 0.0007 11090.8

0 0.3913 0.0007 -0
1 0.3913 0.0007 11781.2

0 0.392 0.0007 -0
1 0.392 0.0007 11334.7

0 0.3927 0.0007 -0
1 0.3927 0.0007 10696.2

0 0.3934 0.0007 -0
1 0.3934 0.0007 11386

0 0.3941 0.0007 -0
1 0.3941 0.0007 11240.5

0 0.3948 0.0007 -0
1 0.3948 0.0007 11322.2

0 0.3955 0.0007 -0
1 0.3955 0.0007 11221.2

0 0.3962 0.0007 -0
1 0.3962 0.0007 11972.3

0 0.3969 0.0007 -0
1 0.3969 0.0007 11798.3

0 0.3976 0.0007 -0
1 0.3976 0.0007 10857.8

0 0.3983 0.0007 -0
1 0.3983 0.0007 11520.7

0 0.399 0.0007 -0
1 0.399 0.0007 10845.6

0 0.3997 0.0007 -0
1 0.3997 0.0007 9758.96

0 0.4004 0.0007 -0
1 0.4004 0.0007 13839.9

0 0.4011 0.0007 -0
1 0.4011 0.0007 11209.5

0 0.4018 0.0007 -0
1 0.4018 0.0007 10273.9

0 0.4025 0.0007 -0
1 0.4025 0.0007 11735.5

0 0.4032 0.0007 -0
1 0.4032 0.0007 10954.4

0 0.4039 0.0007 -0
1 0.4039 0.0007 10819.6

0 0.4046 0.0007 -0
1 0.4046 0.0007 11786.1

0 0.4053 0.0007 -0
1 0.4053 0.0007 11212.6

0 0.406 0.0007 -0
1 0.406 0.0007 10935.7

0 0.4067 0.0007 -0
1 0.4067 0.0007 10806.9

0 0.4074 0.0007 -0
1 0.4074 0.0007 10993.8

0 0.4081 0.0007 -0
1 0.4081 0.0007 11434.1

0 0.4088 0.0007 -0
1 0.4088 0.0007 11114.8

0 0.4095 0.0007 -0
1 0.4095 0.0007 10807.7

0 0.4102 0.0007 -0
1 0.4102 0.0007 12710.4

0 0.4109 0.0007 -0
1 0.4109 0.0007 11740.5

0 0.4116 0.0007 -0
1 0.4116 0.0007 9190.69

0 0.4123 0.0007 -0
1 0.4123 0.0007 9396.73

0 0.413 0.0007 -0
1 0.413 0.0007 10426.6

0 0.4137 0.0007 -0
1 0.4137 0.0007 13355.9

0 0.4144 0.0007 -0
1 0.4144 0.0007 11669.2

0 0.4151 0.0007 -0
1 0.4151 0.0007 10024.6

0 0.4158 0.0007 -0
1 0.4158 0.0007 11000.3

0 0.4165 0.0007 -0
1 0.4165 0.0007 11619

0 0.4172 0.0007 -0
1 0.4172 0.0007 10787.5

0 0.4179 0.0007 -0
1 0.4179 0.0007 10848.9

0 0.4186 0.0007 0
1 0.4186 0.0007 11456.2

0 0.4193 0.0007 0
1 0.4193 0.0007 11160.2

0 0.42 0.0007 0
1 0.42 0.0007 11575.7

0 0.4207 0.0007 0
1 0.4207 0.0007 11029

0 0.4214 0.0007 0
1 0.4214 0.0007 11417.1

0 0.4221 0.0007 0
1 0.4221 0.0007 11641.7

0 0.4228 0.0007 0
1 0.4228 0.0007 9808.55

0 0.4235 0.0007 0
1 0.4235 0.0007 9784.45

0 0.4242 0.0007 0
1 0.4242 0.0007 13957.3

0 0.4249 0.0007 0
1 0.4249 0.0007 10904.4

0 0.4256 0.0007 0
1 0.4256 0.0007 10519.8

0 0.4263 0.0007 0
1 0.4263 0.0007 11335.1

0 0.427 0.0007 0
1 0.427 0.0007 10996.2

0 0.4277 0.0007 -0
1 0.4277 0.0007 11172

0 0.4284 0.0007 -0
1 0.4284 0.0007 11000.5

0 0.4291 0.0007 -0
1 0.4291 0.0007 11229

0 0.4298 0.0007 -0
1 0.4298 0.0007 11257.9

0 0.4305 0.0007 -0
1 0.4305 0.0007 10461.8

0 0.4312 0.0007 -0
1 0.4312 0.0007 11006.2

0 0.4319 0.0007 -0
1 0.4319 0.0007 11637

0 0.4326 0.0007 -0
1 0.4326 0.0007 9899.99

0 0.4333 0.0007 -0
1 0.4333 0.0007 9838.42

0 0.434 0.0007 -0
1 0.434 0.0007 11650.9

0 0.4347 0.0007 -0
1 0.4347 0.0007 14126.8

0 0.4354 0.0007 -0
1 0.4354 0.0007 12269

0 0.4361 0.0007 -0
1 0.4361 0.0007 9340.76

0 0.4368 0.0007 -0
1 0.4368 0.0007 9416.93

0 0.4375 0.0007 -0
1 0.4375 0.0007 10873.6

0 0.4382 0.0007 -0
1 0.4382 0.0007 11601.3

0 0.4389 0.0007 -0
1 0.4389 0.0007 10900.5

0 0.4396 0.0007 -0
1 0.4396 0.0007 10620.9

0 0.4403 0.0007 -0
1 0.4403 0.0007 11406.1

0 0.441 0.0007 -0
1 0.441 0.0007 11068.8

0 0.4417 0.0007 -0
1 0.4417 0.0007 11134.5

0 0.4424 0.0007 -0
1 0.4424 0.0007 11013.4

0 0.4431 0.0007 -0
1 0.4431 0.0007 11714.5

0 0.4438 0.0007 -0
1 0.4438 0.0007 11813.4

0 0.4445 0.0007 -0
1 0.4445 0.0007 10478

0 0.4452 0.0007 -0
1 0.4452 0.0007 11152.6

0 0.4459 0.0007 -0
1 0.4459 0.0007 11333.8

0 0.4466 0.0007 -0
1 0.4466 0.0007 10063.8

0 0.4473 0.0007 -0
1 0.4473 0.0007 13883.5

0 0.448 0.0007 -0
1 0.448 0.0007 11172.4

0 0.4487 0.0007 -0
1 0.4487 0.0007 10348.4

0 0.4494 0.0007 -0
1 0.4494 0.0007 11426.6

0 0.4501 0.0007 -0
1 0.4501 0.0007 10741.2

0 0.4508 0.0007 -0
1 0.4508 0.0007 10754.5

0 0.4515 0.0007 -0
1 0.4515 0.0007 11523.9

0 0.4522 0.0007 -0
1 0.4522 0.0007 11397.1

0 0.4529 0.0007 -0
1 0.4529 0.0007 11150.5

0 0.4536 0.0007 -0
1 0.4536 0.0007 10582.8

0 0.4543 0.0007 -0
1 0.4543 0.0007 10826.2

0 0.455 0.0007 -0
1 0.455 0.0007 11429.6

0 0.4557 0.0007 -0
1 0.4557 0.0007 10951.7

0 0.4564 0.0007 -0
1 0.4564 0.0007 10803.8

0 0.4571 0.0007 -0
1 0.4571 0.0007 12381

0 0.4578 0.0007 -0
1 0.4578 0.0007 12068.8

0 0.4585 0.0007 -0
1 0.4585 0.0007 9036.83

0 0.4592 0.0007 -0
1 0.4592 0.0007 9454.92

0 0.4599 0.0007 -0
1 0.4599 0.0007 9591.19

0 0.4606 0.0007 -0
1 0.4606 0.0007 13106.1

0 0.4613 0.0007 -0
1 0.4613 0.0007 11907.9

0 0.462 0.0007 -0
1 0.462 0.0007 10086.1

0 0.4627 0.0007 0
1 0.4627 0.0007 10898.6

0 0.4634 0.0007 0
1 0.4634 0.0007 11469.7

0 0.4641 0.0007 0
1 0.4641 0.0007 11001.3

0 0.4648 0.0007 0
1 0.4648 0.0007 10410.1

0 0.4655 0.0007 0
1 0.4655 0.0007 11521

0 0.4662 0.0007 0
1 0.4662 0.0007 11067.9

0 0.4669 0.0007 0
1 0.4669 0.0007 11125.4

0 0.4676 0.0007 0
1 0.4676 0.0007 11067

0 0.4683 0.0007 0
1 0.4683 0.0007 11328.8

0 0.469 0.0007 0
1 0.469 0.0007 11706.6

0 0.4697 0.0007 0
1 0.4697 0.0007 9903.63

0 0.4704 0.0007 0
1 0.4704 0.0007 9642.85

0 0.4711 0.0007 0
1 0.4711 0.0007 13873.5

0 0.4718 0.0007 0
1 0.4718 0.0007 11189.7

0 0.4725 0.0007 0
1 0.4725 0.0007 10206.1

0 0.4732 0.0007 0
1 0.4732 0.0007 11296.3

0 0.4739 0.0007 0
1 0.4739 0.0007 11201.1

0 0.4746 0.0007 0
1 0.4746 0.0007 11115.5

0 0.4753 0.0007 0
1 0.4753 0.0007 11079.5

0 0.476 0.0007 0
1 0.476 0.0007 10898.3

0 0.4767 0.0007 0
1 0.4767 0.0007 11154.1

0 0.4774 0.0007 0
1 0.4774 0.0007 10683.5

0 0.4781 0.0007 -0
1 0.4781 0.0007 10583

0 0.4788 0.0007 -0
1 0.4788 0.0007 11628

0 0.4795 0.0007 -0
1 0.4795 0.0007 10058

0 0.4802 0.0007 -0
1 0.4802 0.0007 9957.63

0 0.4809 0.0007 -0
1 0.4809 0.0007 11068.8

0 0.4816 0.0007 -0
1 0.4816 0.0007 14144.8

0 0.4823 0.0007 -0
1 0.4823 0.0007 12538.8

0 0.483 0.0007 -0
1 0.483 0.0007 9465.42

0 0.4837 0.0007 -0
1 0.4837 0.0007 9021.72

0 0.4844 0.0007 -0
1 0.4844 0.0007 10602.9

0 0.4851 0.0007 -0
1 0.4851 0.0007 11450

0 0.4858 0.0007 -0
1 0.4858 0.0007 11085.8

0 0.4865 0.0007 -0
1 0.4865 0.0007 10563.7

0 0.4872 0.0007 -0
1 0.4872 0.0007 11414.9

0 0.4879 0.0007 -0
1 0.4879 0.0007 10974.9

0 0.4886 0.0007 -0
1 0.4886 0.0007 11073.7

0 0.4893 0.0007 -0
1 0.4893 0.0007 10750.9

0 0.49 0.0007 -0
1 0.49 0.0007 11516.7

0 0.4907 0.0007 -0
1 0.4907 0.0007 11531.8

0 0.4914 0.0007 -0
1 0.4914 0.0007 10585.9

0 0.4921 0.0007 -0
1 0.4921 0.0007 11071.8

0 0.4928 0.0007 -0
1 0.4928 0.0007 11122.7

0 0.4935 0.0007 -0
1 0.4935 0.0007 10087.3

0 0.4942 0.0007 -0
1 0.4942 0.0007 9506.03

0 0.4949 0.0007 -0
1 0.4949 0.0007 12352.4

0 0.4956 0.0007 -0
1 0.4956 0.0007 10701.8

0 0.4963 0.0007 -0
1 0.4963 0.0007 11315.4

0 0.497 0.0007 -0
1 0.497 0.0007 11135.8

0 0.4977 0.0007 -0
1 0.4977 0.0007 9918.33

0 0.4984 0.0007 -0
1 0.4984 0.0007 11422.5

0 0.4991 0.0007 -0
1 0.4991 0.0007 11260.2

0 0.4998 0.0007 -0
1 0.4998 0.0007 11130.2

0 0.5005 0.0007 -0
1 0.5005 0.0007 10589.5

0 0.5012 0.0007 -0
1 0.5012 0.0007 10839.6

0 0.5019 0.0007 -0
1 0.5019 0.0007 11465.4

0 0.5026 0.0007 -0
1 0.5026 0.0007 10799.7

0 0.5033 0.0007 -0
1 0.5033 0.0007 10659.4

0 0.504 0.0007 -0
1 0.504 0.0007 11920.1

0 0.5047 0.0007 -0
1 0.5047 0.0007 12432.1

0 0.5054 0.0007 -0
1 0.5054 0.0007 9277.02

0 0.5061 0.0007 -0
1 0.5061 0.0007 9322.71

0 0.5068 0.0007 0
1 0.5068 0.0007 9282.97

0 0.5075 0.0007 0
1 0.5075 0.0007 12931.9

0 0.5082 0.0007 0
1 0.5082 0.0007 12328

0 0.5089 0.0007 0
1 0.5089 0.0007 10131.9

0 0.5096 0.0007 0
1 0.5096 0.0007 10179.6

0 0.5103 0.0007 0
1 0.5103 0.0007 11470.5

0 0.511 0.0007 0
1 0.511 0.0007 11261.2

0 0.5117 0.0007 0
1 0.5117 0.0007 10263.1

0 0.5124 0.0007 0
1 0.5124 0.0007 11150.6

0 0.5131 0.0007 0
1 0.5131 0.0007 11225.7

0 0.5138 0.0007 0
1 0.5138 0.0007 11116.9

0 0.5145 0.0007 0
1 0.5145 0.0007 11083.8

0 0.5152 0.0007 0
1 0.5152 0.0007 11008.2

0 0.5159 0.0007 0
1 0.5159 0.0007 11942.6

0 0.5166 0.0007 0
1 0.5166 0.0007 10001.5

0 0.5173 0.0007 0
1 0.5173 0.0007 9644.02

0 0.518 0.0007 0
1 0.518 0.0007 14204.2

0 0.5187 0.0007 0
1 0.5187 0.0007 11111.5

0 0.5194 0.0007 0
1 0.5194 0.0007 9960.11

0 0.5201 0.0007 0
1 0.5201 0.0007 11175.4

0 0.5208 0.0007 0
1 0.5208 0.0007 11260.6

0 0.5215 0.0007 0
1 0.5215 0.0007 10820.5

0 0.5222 0.0007 0
1 0.5222 0.0007 10808.4

0 0.5229 0.0007 0
1 0.5229 0.0007 10750.1

0 0.5236 0.0007 0
1 0.5236 0.0007 11140.1

0 0.5243 0.0007 0
1 0.5243 0.0007 10451.9

0 0.525 0.0007 0
1 0.525 0.0007 10596.3

0 0.5257 0.0007 0
1 0.5257 0.0007 11397.6

0 0.5264 0.0007 0
1 0.5264 0.0007 10443.5

0 0.5271 0.0007 0
1 0.5271 0.0007 9594.39

0 0.5278 0.0007 0
1 0.5278 0.0007 10714.5

0 0.5285 0.0007 -0
1 0.5285 0.0007 13110.8

0 0.5292 0.0007 -0
1 0.5292 0.0007 13048.9

0 0.5299 0.0007 -0
1 0.5299 0.0007 9795.52

0 0.5306 0.0007 -0
1 0.5306 0.0007 9217.26

0 0.5313 0.0007 -0
1 0.5313 0.0007 10171.1

0 0.532 0.0007 -0
1 0.532 0.0007 11348.2

0 0.5327 0.0007 -0
1 0.5327 0.0007 11116

0 0.5334 0.0007 -0
1 0.5334 0.0007 10584.8

0 0.5341 0.0007 -0
1 0.5341 0.0007 11249.2

0 0.5348 0.0007 -0
1 0.5348 0.0007 10813.4

0 0.5355 0.0007 -0
1 0.5355 0.0007 11188.6

0 0.5362 0.0007 -0
1 0.5362 0.0007 10785.5

0 0.5369 0.0007 -0
1 0.5369 0.0007 11424.2

0 0.5376 0.0007 -0
1 0.5376 0.0007 11730

0 0.5383 0.0007 -0
1 0.5383 0.0007 10525.5

0 0.539 0.0007 -0
1 0.539 0.0007 10657

0 0.5397 0.0007 -0
1 0.5397 0.0007 11428.7

0 0.5404 0.0007 -0
1 0.5404 0.0007 10069.1

0 0.5411 0.0007 -0
1 0.5411 0.0007 9335.73

0 0.5418 0.0007 -0
1 0.5418 0.0007 12846.3

0 0.5425 0.0007 -0
1 0.5425 0.0007 10997.9

0 0.5432 0.0007 -0
1 0.5432 0.0007 10980.7

0 0.5439 0.0007 -0
1 0.5439 0.0007 11042.2

0 0.5446 0.0007 -0
1 0.5446 0.0007 10163.5

0 0.5453 0.0007 -0
1 0.5453 0.0007 11209.2

0 0.546 0.0007 -0
1 0.546 0.0007 11229.2

0 0.5467 0.0007 -0
1 0.5467 0.0007 11152.1

0 0.5474 0.0007 -0
1 0.5474 0.0007 10684.6

0 0.5481 0.0007 -0
1 0.5481 0.0007 10392.9

0 0.5488 0.0007 -0
1 0.5488 0.0007 11367.3

0 0.5495 0.0007 -0
1 0.5495 0.0007 10439.2

0 0.5502 0.0007 0
1 0.5502 0.0007 10640.1

0 0.5509 0.0007 0
1 0.5509 0.0007 11478.3

0 0.5516 0.0007 0
1 0.5516 0.0007 12630.7

0 0.5523 0.0007 0
1 0.5523 0.0007 9823.82

0 0.553 0.0007 0
1 0.553 0.0007 9109.65

0 0.5537 0.0007 0
1 0.5537 0.0007 9082.34

0 0.5544 0.0007 0
1 0.5544 0.0007 12549

0 0.5551 0.0007 0
1 0.5551 0.0007 12413.2

0 0.5558 0.0007 0
1 0.5558 0.0007 10285.4

0 0.5565 0.0007 0
1 0.5565 0.0007 10193.4

0 0.5572 0.0007 0
1 0.5572 0.0007 11551.6

0 0.5579 0.0007 0
1 0.5579 0.0007 11393.1

0 0.5586 0.0007 0
1 0.5586 0.0007 10333.5

0 0.5593 0.0007 0
1 0.5593 0.0007 10856.7

0 0.56 0.0007 0
1 0.56 0.0007 10920.3

0 0.5607 0.0007 0
1 0.5607 0.0007 11057.6

0 0.5614 0.0007 0
1 0.5614 0.0007 11316.4

0 0.5621 0.0007 0
1 0.5621 0.0007 11071.7

0 0.5628 0.0007 0
1 0.5628 0.0007 11621.6

0 0.5635 0.0007 0
1 0.5635 0.0007 10292.4

0 0.5642 0.0007 0
1 0.5642 0.0007 9267.6

0 0.5649 0.0007 0
1 0.5649 0.0007 14276.6

0 0.5656 0.0007 0
1 0.5656 0.0007 11387.2

0 0.5663 0.0007 0
1 0.5663 0.0007 9862.42

0 0.567 0.0007 0
1 0.567 0.0007 10795.2

0 0.5677 0.0007 0
1 0.5677 0.0007 11332.7

0 0.5684 0.0007 0
1 0.5684 0.0007 11023.6

0 0.5691 0.0007 0
1 0.5691 0.0007 10868

0 0.5698 0.0007 0
1 0.5698 0.0007 10856.8

0 0.5705 0.0007 0
1 0.5705 0.0007 10946.7

0 0.5712 0.0007 0
1 0.5712 0.0007 10565.2

0 0.5719 0.0007 0
1 0.5719 0.0007 10356.7

0 0.5726 0.0007 0
1 0.5726 0.0007 11263.4

0 0.5733 0.0007 0
1 0.5733 0.0007 10659.5

0 0.574 0.0007 0
1 0.574 0.0007 9590.28

0 0.5747 0.0007 0
1 0.5747 0.0007 10506.3

0 0.5754 0.0007 0
1 0.5754 0.0007 12368.9

0 0.5761 0.0007 0
1 0.5761 0.0007 13370.7

0 0.5768 0.0007 0
1 0.5768 0.0007 10274.4

0 0.5775 0.0007 0
1 0.5775 0.0007 8893.58

0 0.5782 0.0007 0
1 0.5782 0.0007 9893.65

0 0.5789 0.0007 -0
1 0.5789 0.0007 11164.7

0 0.5796 0.0007 -0
1 0.5796 0.0007 11303.2

0 0.5803 0.0007 -0
1 0.5803 0.0007 10420.4

0 0.581 0.0007 -0
1 0.581 0.0007 11015.6

0 0.5817 0.0007 -0
1 0.5817 0.0007 11063.7

0 0.5824 0.0007 -0
1 0.5824 0.0007 11054.5

0 0.5831 0.0007 -0
1 0.5831 0.0007 10883.5

0 0.5838 0.0007 -0
1 0.5838 0.0007 11248.1

0 0.5845 0.0007 -0
1 0.5845 0.0007 11641.9

0 0.5852 0.0007 -0
1 0.5852 0.0007 10653.3

0 0.5859 0.0007 -0
1 0.5859 0.0007 10385.3

0 0.5866 0.0007 -0
1 0.5866 0.0007 11775.5

0 0.5873 0.0007 -0
1 0.5873 0.0007 9988.88

0 0.588 0.0007 -0
1 0.588 0.0007 9413.43

0 0.5887 0.0007 -0
1 0.5887 0.0007 13300.9

0 0.5894 0.0007 -0
1 0.5894 0.0007 10752.3

0 0.5901 0.0007 -0
1 0.5901 0.0007 10830.8

0 0.5908 0.0007 -0
1 0.5908 0.0007 11159.5

0 0.5915 0.0007 -0
1 0.5915 0.0007 10253

0 0.5922 0.0007 -0
1 0.5922 0.0007 10920.7

0 0.5929 0.0007 -0
1 0.5929 0.0007 11379

0 0.5936 0.0007 -0
1 0.5936 0.0007 11195.7

0 0.5943 0.0007 0
1 0.5943 0.0007 10748

0 0.595 0.0007 0
1 0.595 0.0007 10313.5

0 0.5957 0.0007 0
1 0.5957 0.0007 11707.2

0 0.5964 0.0007 0
1 0.5964 0.0007 10499.8

0 0.5971 0.0007 0
1 0.5971 0.0007 10367.7

0 0.5978 0.0007 0
1 0.5978 0.0007 11195.2

0 0.5985 0.0007 0
1 0.5985 0.0007 12818.7

0 0.5992 0.0007 0
1 0.5992 0.0007 9802.22

0 0.5999 0.0007 0
1 0.5999 0.0007 8867.96

0 0.6006 0.0007 0
1 0.6006 0.0007 9208.57

0 0.6013 0.0007 0
1 0.6013 0.0007 12201.5

0 0.602 0.0007 0
1 0.602 0.0007 12740.4

0 0.6027 0.0007 0
1 0.6027 0.0007 10549.2

0 0.6034 0.0007 0
1 0.6034 0.0007 9736.66

0 0.6041 0.0007 0
1 0.6041 0.0007 11195.9

0 0.6048 0.0007 0
1 0.6048 0.0007 11135.9

0 0.6055 0.0007 0
1 0.6055 0.0007 10614.9

0 0.6062 0.0007 0
1 0.6062 0.0007 10471.6

0 0.6069 0.0007 0
1 0.6069 0.0007 11013

0 0.6076 0.0007 0
1 0.6076 0.0007 11193.5

0 0.6083 0.0007 0
1 0.6083 0.0007 11289.4

0 0.609 0.0007 0
1 0.609 0.0007 10507.4

0 0.6097 0.0007 0
1 0.6097 0.0007 11392.6

0 0.6104 0.0007 0
1 0.6104 0.0007 10503.5

0 0.6111 0.0007 0
1 0.6111 0.0007 9604.88

0 0.6118 0.0007 0
1 0.6118 0.0007 14440.3

0 0.6125 0.0007 0
1 0.6125 0.0007 11416.4

0 0.6132 0.0007 0
1 0.6132 0.0007 9583.21

0 0.6139 0.0007 0
1 0.6139 0.0007 10769.1

0 0.6146 0.0007 0
1 0.6146 0.0007 11078.5

0 0.6153 0.0007 0
1 0.6153 0.0007 11171.9

0 0.616 0.0007 0
1 0.616 0.0007 10950.6

0 0.6167 0.0007 0
1 0.6167 0.0007 10573.1

0 0.6174 0.0007 0
1 0.6174 0.0007 11284.2

0 0.6181 0.0007 0
1 0.6181 0.0007 10387

0 0.6188 0.0007 0
1 0.6188 0.0007 10289.8

0 0.6195 0.0007 0
1 0.6195 0.0007 11064.5

0 0.6202 0.0007 0
1 0.6202 0.0007 11128.7

0 0.6209 0.0007 0
1 0.6209 0.0007 9553.39

0 0.6216 0.0007 0
1 0.6216 0.0007 10427.4

0 0.6223 0.0007 0
1 0.6223 0.0007 11800.2

0 0.623 0.0007 0
1 0.623 0.0007 13399.6

0 0.6237 0.0007 0
1 0.6237 0.0007 10481.5

0 0.6244 0.0007 0
1 0.6244 0.0007 9092.66

0 0.6251 0.0007 0
1 0.6251 0.0007 9422.12

0 0.6258 0.0007 0
1 0.6258 0.0007 11182.4

0 0.6265 0.0007 0
1 0.6265 0.0007 11414

0 0.6272 0.0007 0
1 0.6272 0.0007 10646

0 0.6279 0.0007 0
1 0.6279 0.0007 10909.4

0 0.6286 0.0007 0
1 0.6286 0.0007 10860.2

0 0.6293 0.0007 0
1 0.6293 0.0007 10828.7

0 0.63 0.0007 0
1 0.63 0.0007 11035.6

0 0.6307 0.0007 -0
1 0.6307 0.0007 11219.1

0 0.6314 0.0007 -0
1 0.6314 0.0007 11660.3

0 0.6321 0.0007 -0
1 0.6321 0.0007 10781

0 0.6328 0.0007 -0
1 0.6328 0.0007 10328.8

0 0.6335 0.0007 -0
1 0.6335 0.0007 11925.8

0 0.6342 0.0007 -0
1 0.6342 0.0007 10327.3

0 0.6349 0.0007 -0
1 0.6349 0.0007 9520.98

0 0.6356 0.0007 -0
1 0.6356 0.0007 12937.5

0 0.6363 0.0007 0
1 0.6363 0.0007 10952.7

0 0.637 0.0007 0
1 0.637 0.0007 10119.5

0 0.6377 0.0007 0
1 0.6377 0.0007 11407

0 0.6384 0.0007 0
1 0.6384 0.0007 10614.6

0 0.6391 0.0007 0
1 0.6391 0.0007 10638.1

0 0.6398 0.0007 0
1 0.6398 0.0007 11526.3

0 0.6405 0.0007 0
1 0.6405 0.0007 10702.1

0 0.6412 0.0007 0
1 0.6412 0.0007 10843.2

0 0.6419 0.0007 0
1 0.6419 0.0007 10257.9

0 0.6426 0.0007 0
1 0.6426 0.0007 11100.7

0 0.6433 0.0007 0
1 0.6433 0.0007 10667

0 0.644 0.0007 0
1 0.644 0.0007 10517.3

0 0.6447 0.0007 0
1 0.6447 0.0007 11077.8

0 0.6454 0.0007 0
1 0.6454 0.0007 12993.2

0 0.6461 0.0007 0
1 0.6461 0.0007 10313.4

0 0.6468 0.0007 0
1 0.6468 0.0007 9078.43

0 0.6475 0.0007 0
1 0.6475 0.0007 9270.86

0 0.6482 0.0007 0
1 0.6482 0.0007 11217

0 0.6489 0.0007 0
1 0.6489 0.0007 12604.5

0 0.6496 0.0007 0
1 0.6496 0.0007 10838.4

0 0.6503 0.0007 0
1 0.6503 0.0007 10036.5

0 0.651 0.0007 0
1 0.651 0.0007 11073.9

0 0.6517 0.0007 0
1 0.6517 0.0007 11275.6

0 0.6524 0.0007 0
1 0.6524 0.0007 10384.4

0 0.6531 0.0007 0
1 0.6531 0.0007 10508.5

0 0.6538 0.0007 0
1 0.6538 0.0007 11037.6

0 0.6545 0.0007 0
1 0.6545 0.0007 10807.4

0 0.6552 0.0007 0
1 0.6552 0.0007 11031.4

0 0.6559 0.0007 0
1 0.6559 0.0007 10789.2

0 0.6566 0.0007 0
1 0.6566 0.0007 11193.9

0 0.6573 0.0007 0
1 0.6573 0.0007 10948.7

0 0.658 0.0007 0
1 0.658 0.0007 9629.06

0 0.6587 0.0007 0
1 0.6587 0.0007 9585.3

0 0.6594 0.0007 0
1 0.6594 0.0007 13061

0 0.6601 0.0007 0
1 0.6601 0.0007 10587.8

0 0.6608 0.0007 0
1 0.6608 0.0007 10598.5

0 0.6615 0.0007 0
1 0.6615 0.0007 11101.7

0 0.6622 0.0007 0
1 0.6622 0.0007 10762.8

0 0.6629 0.0007 0
1 0.6629 0.0007 10781.6

0 0.6636 0.0007 0
1 0.6636 0.0007 10697.6

0 0.6643 0.0007 0
1 0.6643 0.0007 11341.8

0 0.665 0.0007 0
1 0.665 0.0007 10534.6

0 0.6657 0.0007 0
1 0.6657 0.0007 10315.8

0 0.6664 0.0007 0
1 0.6664 0.0007 10900.4

0 0.6671 0.0007 0
1 0.6671 0.0007 11396.8

0 0.6678 0.0007 0
1 0.6678 0.0007 9444.54

0 0.6685 0.0007 0
1 0.6685 0.0007 9976.74

0 0.6692 0.0007 0
1 0.6692 0.0007 11521.3

0 0.6699 0.0007 0
1 0.6699 0.0007 13833.6

0 0.6706 0.0007 0
1 0.6706 0.0007 11068.3

0 0.6713 0.0007 0
1 0.6713 0.0007 9201.17

0 0.672 0.0007 0
1 0.672 0.0007 9343.87

0 0.6727 0.0007 0
1 0.6727 0.0007 10906

0 0.6734 0.0007 0
1 0.6734 0.0007 11611

0 0.6741 0.0007 0
1 0.6741 0.0007 10617.6

0 0.6748 0.0007 0
1 0.6748 0.0007 10242.1

0 0.6755 0.0007 0
1 0.6755 0.0007 10998.3

0 0.6762 0.0007 0
1 0.6762 0.0007 10837.6

0 0.6769 0.0007 0
1 0.6769 0.0007 10785.6

0 0.6776 0.0007 0
1 0.6776 0.0007 11097.9

0 0.6783 0.0007 0
1 0.6783 0.0007 11540.6

0 0.679 0.0007 0
1 0.679 0.0007 11237.6

0 0.6797 0.0007 0
1 0.6797 0.0007 10454.4

0 0.6804 0.0007 0
1 0.6804 0.0007 11262.2

0 0.6811 0.0007 0
1 0.6811 0.0007 10454.3

0 0.6818 0.0007 0
1 0.6818 0.0007 9217.62

0 0.6825 0.0007 0
1 0.6825 0.0007 13341

0 0.6832 0.0007 0
1 0.6832 0.0007 11212.7

0 0.6839 0.0007 0
1 0.6839 0.0007 9937.37

0 0.6846 0.0007 0
1 0.6846 0.0007 11389.7

0 0.6853 0.0007 0
1 0.6853 0.0007 10624.5

0 0.686 0.0007 0
1 0.686 0.0007 10673.9

0 0.6867 0.0007 0
1 0.6867 0.0007 11447

0 0.6874 0.0007 0
1 0.6874 0.0007 10752.8

0 0.6881 0.0007 0
1 0.6881 0.0007 10729.8

0 0.6888 0.0007 0
1 0.6888 0.0007 10183

0 0.6895 0.0007 0
1 0.6895 0.0007 11037.3

0 0.6902 0.0007 0
1 0.6902 0.0007 11047.3

0 0.6909 0.0007 0
1 0.6909 0.0007 10577.1

0 0.6916 0.0007 0
1 0.6916 0.0007 10896.7

0 0.6923 0.0007 0
1 0.6923 0.0007 12729

0 0.693 0.0007 0
1 0.693 0.0007 10876.6

0 0.6937 0.0007 0
1 0.6937 0.0007 8610.1

0 0.6944 0.0007 0
1 0.6944 0.0007 9114.64

0 0.6951 0.0007 0
1 0.6951 0.0007 10642.7

0 0.6958 0.0007 0
1 0.6958 0.0007 12911.4

0 0.6965 0.0007 0
1 0.6965 0.0007 11031.7

0 0.6972 0.0007 0
1 0.6972 0.0007 9962.62

0 0.6979 0.0007 0
1 0.6979 0.0007 10906.9

0 0.6986 0.0007 0
1 0.6986 0.0007 11363.6

0 0.6993 0.0007 0
1 0.6993 0.0007 10440

0 0.7 0.0007 0
1 0.7 0.0007 10510

0 0.7007 0.0007 0
1 0.7007 0.0007 10980

0 0.7014 0.0007 0
1 0.7014 0.0007 10853.7

0 0.7021 0.0007 0
1 0.7021 0.0007 11090.2

0 0.7028 0.0007 0
1 0.7028 0.0007 10581.9

0 0.7035 0.0007 0
1 0.7035 0.0007 11217.8

0 0.7042 0.0007 0
1 0.7042 0.0007 11159.4

0 0.7049 0.0007 0
1 0.7049 0.0007 9359.44

0 0.7056 0.0007 0
1 0.7056 0.0007 9513.96

0 0.7063 0.0007 0
1 0.7063 0.0007 13591.2

0 0.707 0.0007 0
1 0.707 0.0007 10750.4

0 0.7077 0.0007 0
1 0.7077 0.0007 10386.8

0 0.7084 0.0007 0
1 0.7084 0.0007 10700.2

0 0.7091 0.0007 0
1 0.7091 0.0007 10538.5

0 0.7098 0.0007 0
1 0.7098 0.0007 11147.3

0 0.7105 0.0007 0
1 0.7105 0.0007 10668.2

0 0.7112 0.0007 0
1 0.7112 0.0007 11091

0 0.7119 0.0007 0
1 0.7119 0.0007 10669.7

0 0.7126 0.0007 0
1 0.7126 0.0007 10140.5

0 0.7133 0.0007 0
1 0.7133 0.0007 10563.3

0 0.714 0.0007 0
1 0.714 0.0007 11336.2

0 0.7147 0.0007 0
1 0.7147 0.0007 9592.2

0 0.7154 0.0007 0
1 0.7154 0.0007 10023.7

0 0.7161 0.0007 0
1 0.7161 0.0007 11462.9

0 0.7168 0.0007 0
1 0.7168 0.0007 14090.3

0 0.7175 0.0007 0
1 0.7175 0.0007 11380.6

0 0.7182 0.0007 0
1 0.7182 0.0007 8762.05

0 0.7189 0.0007 0
1 0.7189 0.0007 9338.8

0 0.7196 0.0007 0
1 0.7196 0.0007 10862

0 0.7203 0.0007 0
1 0.7203 0.0007 11412.1

0 0.721 0.0007 0
1 0.721 0.0007 10995.4

0 0.7217 0.0007 0
1 0.7217 0.0007 10459.3

0 0.7224 0.0007 0
1 0.7224 0.0007 11133.9

0 0.7231 0.0007 0
1 0.7231 0.0007 10840.3

0 0.7238 0.0007 0
1 0.7238 0.0007 10715.1

0 0.7245 0.0007 0
1 0.7245 0.0007 10979.8

0 0.7252 0.0007 0
1 0.7252 0.0007 11360

0 0.7259 0.0007 0
1 0.7259 0.0007 11320

0 0.7266 0.0007 0
1 0.7266 0.0007 10503

0 0.7273 0.0007 0
1 0.7273 0.0007 11214.6

0 0.728 0.0007 0
1 0.728 0.0007 10709.6

0 0.7287 0.0007 0
1 0.7287 0.0007 9562.74

0 0.7294 0.0007 0
1 0.7294 0.0007 13532.7

0 0.7301 0.0007 0
1 0.7301 0.0007 10858.3

0 0.7308 0.0007 0
1 0.7308 0.0007 10017.3

0 0.7315 0.0007 0
1 0.7315 0.0007 11355.9

0 0.7322 0.0007 0
1 0.7322 0.0007 10543

0 0.7329 0.0007 0
1 0.7329 0.0007 10395

0 0.7336 0.0007 0
1 0.7336 0.0007 11367

0 0.7343 0.0007 0
1 0.7343 0.0007 11051.1

0 0.735 0.0007 0
1 0.735 0.0007 10604.6

0 0.7357 0.0007 0
1 0.7357 0.0007 10384.8

0 0.7364 0.0007 0
1 0.7364 0.0007 10703.5

0 0.7371 0.0007 0
1 0.7371 0.0007 11155.1

0 0.7378 0.0007 0
1 0.7378 0.0007 10677.8

0 0.7385 0.0007 0
1 0.7385 0.0007 10606

0 0.7392 0.0007 0
1 0.7392 0.0007 12233.2

0 0.7399 0.0007 0
1 0.7399 0.0007 11317.5

0 0.7406 0.0007 0
1 0.7406 0.0007 8911.03

0 0.7413 0.0007 0
1 0.7413 0.0007 9118.93

0 0.742 0.0007 0
1 0.742 0.0007 9861.41

0 0.7427 0.0007 0
1 0.7427 0.0007 12835.3

0 0.7434 0.0007 0
1 0.7434 0.0007 11404.1

0 0.7441 0.0007 0
1 0.7441 0.0007 9725.46

0 0.7448 0.0007 0
1 0.7448 0.0007 10703.6

0 0.7455 0.0007 0
1 0.7455 0.0007 11289.3

0 0.7462 0.0007 0
1 0.7462 0.0007 10634.7

0 0.7469 0.0007 0
1 0.7469 0.0007 10351.2

0 0.7476 0.0007 0
1 0.7476 0.0007 11254.7

0 0.7483 0.0007 0
1 0.7483 0.0007 10808.4

0 0.749 0.0007 0
1 0.749 0.0007 11244.9

0 0.7497 0.0007 0
1 0.7497 0.0007 10733.7

0 0.7504 0.0007 0
1 0.7504 0.0007 11011

0 0.7511 0.0007 0
1 0.7511 0.0007 11315.9

0 0.7518 0.0007 0
1 0.7518 0.0007 9542.42

0 0.7525 0.0007 0
1 0.7525 0.0007 9275.12

0 0.7532 0.0007 0
1 0.7532 0.0007 13500.9

0 0.7539 0.0007 0
1 0.7539 0.0007 10736.4

0 0.7546 0.0007 0
1 0.7546 0.0007 10068.1

0 0.7553 0.0007 0
1 0.7553 0.0007 11093.4

0 0.756 0.0007 0
1 0.756 0.0007 10858.2

0 0.7567 0.0007 0
1 0.7567 0.0007 10864.8

0 0.7574 0.0007 0
1 0.7574 0.0007 10693.2

0 0.7581 0.0007 0
1 0.7581 0.0007 10864.2

0 0.7588 0.0007 0
1 0.7588 0.0007 10971.3

0 0.7595 0.0007 0
1 0.7595 0.0007 10263

0 0.7602 0.0007 0
1 0.7602 0.0007 10665.7

0 0.7609 0.0007 0
1 0.7609 0.0007 11446.8

0 0.7616 0.0007 0
1 0.7616 0.0007 9603.61

0 0.7623 0.0007 0
1 0.7623 0.0007 9654.97

0 0.763 0.0007 0
1 0.763 0.0007 11127.5

0 0.7637 0.0007 0
1 0.7637 0.0007 13800.9

0 0.7644 0.0007 0
1 0.7644 0.0007 11891.3

0 0.7651 0.0007 0
1 0.7651 0.0007 9233.06

0 0.7658 0.0007 0
1 0.7658 0.0007 8990.73

0 0.7665 0.0007 0
1 0.7665 0.0007 10714

0 0.7672 0.0007 0
1 0.7672 0.0007 11287.1

0 0.7679 0.0007 0
1 0.7679 0.0007 10667.6

0 0.7686 0.0007 0
1 0.7686 0.0007 10160.8

0 0.7693 0.0007 0
1 0.7693 0.0007 11077.2

0 0.77 0.0007 0
1 0.77 0.0007 10860.1

0 0.7707 0.0007 0
1 0.7707 0.0007 10865.5

0 0.7714 0.0007 0
1 0.7714 0.0007 10837.8

0 0.7721 0.0007 0
1 0.7721 0.0007 11287.9

0 0.7728 0.0007 0
1 0.7728 0.0007 11630.2

0 0.7735 0.0007 0
1 0.7735 0.0007 10067.1

0 0.7742 0.0007 0
1 0.7742 0.0007 11005.4

0 0.7749 0.0007 0
1 0.7749 0.0007 11161.2

0 0.7756 0.0007 0
1 0.7756 0.0007 9877.12

0 0.7763 0.0007 0
1 0.7763 0.0007 13497.8

0 0.777 0.0007 0
1 0.777 0.0007 10988.7

0 0.7777 0.0007 0
1 0.7777 0.0007 10163.1

0 0.7784 0.0007 0
1 0.7784 0.0007 11098.9

0 0.7791 0.0007 0
1 0.7791 0.0007 10610

0 0.7798 0.0007 0
1 0.7798 0.0007 10563.3

0 0.7805 0.0007 0
1 0.7805 0.0007 11200.3

0 0.7812 0.0007 0
1 0.7812 0.0007 11236.8

0 0.7819 0.0007 0
1 0.7819 0.0007 10825.2

0 0.7826 0.0007 0
1 0.7826 0.0007 10334.3

0 0.7833 0.0007 0
1 0.7833 0.0007 10548.5

0 0.784 0.0007 0
1 0.784 0.0007 11191.6

0 0.7847 0.0007 0
1 0.7847 0.0007 10680

0 0.7854 0.0007 0
1 0.7854 0.0007 10669.4

0 0.7861 0.0007 0
1 0.7861 0.0007 11924

0 0.7868 0.0007 0
1 0.7868 0.0007 11944

0 0.7875 0.0007 0
1 0.7875 0.0007 8771.84

0 0.7882 0.0007 0
1 0.7882 0.0007 9009.18

0 0.7889 0.0007 0
1 0.7889 0.0007 9442.71

0 0.7896 0.0007 0
1 0.7896 0.0007 12879.5

0 0.7903 0.0007 0
1 0.7903 0.0007 11697.4

0 0.791 0.0007 0
1 0.791 0.0007 9911.09

0 0.7917 0.0007 0
1 0.7917 0.0007 10617.4

0 0.7924 0.0007 0
1 0.7924 0.0007 11212.7

0 0.7931 0.0007 0
1 0.7931 0.0007 10724.9

0 0.7938 0.0007 0
1 0.7938 0.0007 10228.1

0 0.7945 0.0007 0
1 0.7945 0.0007 11062.7

0 0.7952 0.0007 0
1 0.7952 0.0007 10671

0 0.7959 0.0007 0
1 0.7959 0.0007 10939.6

0 0.7966 0.0007 0
1 0.7966 0.0007 10952.1

0 0.7973 0.0007 0
1 0.7973 0.0007 10880.8

0 0.798 0.0007 0
1 0.798 0.0007 11610.3

0 0.7987 0.0007 0
1 0.7987 0.0007 9562.65

0 0.7994 0.0007 0
1 0.7994 0.0007 9510.29

0 0.8001 0.0007 0
1 0.8001 0.0007 13722

0 0.8008 0.0007 0
1 0.8008 0.0007 11037

0 0.8015 0.0007 0
1 0.8015 0.0007 9892.72

0 0.8022 0.0007 0
1 0.8022 0.0007 10990.6

0 0.8029 0.0007 0
1 0.8029 0.0007 11058.5

0 0.8036 0.0007 0
1 0.8036 0.0007 10924.4

0 0.8043 0.0007 0
1 0.8043 0.0007 10646.4

0 0.805 0.0007 0
1 0.805 0.0007 10513.7

0 0.8057 0.0007 0
1 0.8057 0.0007 10995.6

0 0.8064 0.0007 0
1 0.8064 0.0007 10427.2

0 0.8071 0.0007 0
1 0.8071 0.0007 10375

0 0.8078 0.0007 0
1 0.8078 0.0007 11187.5

0 0.8085 0.0007 0
1 0.8085 0.0007 10014

0 0.8092 0.0007 0
1 0.8092 0.0007 9825.52

0 0.8099 0.0007 0
1 0.8099 0.0007 10725.5

0 0.8106 0.0007 0
1 0.8106 0.0007 13552.4

0 0.8113 0.0007 0
1 0.8113 0.0007 12324.1

0 0.812 0.0007 0
1 0.812 0.0007 9340.1

0 0.8127 0.0007 0
1 0.8127 0.0007 8901.88

0 0.8134 0.0007 0
1 0.8134 0.0007 10249.7

0 0.8141 0.0007 0
1 0.8141 0.0007 11173.6

0 0.8148 0.0007 0
1 0.8148 0.0007 10838.8

0 0.8155 0.0007 0
1 0.8155 0.0007 10147.9

0 0.8162 0.0007 0
1 0.8162 0.0007 11288.2

0 0.8169 0.0007 0
1 0.8169 0.0007 10781.3

0 0.8176 0.0007 0
1 0.8176 0.0007 10831.4

0 0.8183 0.0007 0
1 0.8183 0.0007 10590.4

0 0.819 0.0007 0
1 0.819 0.0007 11196.4

0 0.8197 0.0007 0
1 0.8197 0.0007 11401.5

0 0.8204 0.0007 0
1 0.8204 0.0007 10424.6

0 0.8211 0.0007 0
1 0.8211 0.0007 10738.5

0 0.8218 0.0007 0
1 0.8218 0.0007 11023.7

0 0.8225 0.0007 0
1 0.8225 0.0007 9959.94

0 0.8232 0.0007 0
1 0.8232 0.0007 9167.36

0 0.8239 0.0007 0
1 0.8239 0.0007 12236

0 0.8246 0.0007 0
1 0.8246 0.0007 10546.9

0 0.8253 0.0007 0
1 0.8253 0.0007 11130.8

0 0.826 0.0007 0
1 0.826 0.0007 10903

0 0.8267 0.0007 0
1 0.8267 0.0007 9774.09

0 0.8274 0.0007 0
1 0.8274 0.0007 10950.1

0 0.8281 0.0007 0
1 0.8281 0.0007 11175.3

0 0.8288 0.0007 0
1 0.8288 0.0007 10880.8

0 0.8295 0.0007 0
1 0.8295 0.0007 10514.8

0 0.8302 0.0007 0
1 0.8302 0.0007 10535.9

0 0.8309 0.0007 0
1 0.8309 0.0007 11342.7

0 0.8316 0.0007 0
1 0.8316 0.0007 10666

0 0.8323 0.0007 0
1 0.8323 0.0007 10225.5

0 0.833 0.0007 0
1 0.833 0.0007 11652.3

0 0.8337 0.0007 0
1 0.8337 0.0007 12205.1

0 0.8344 0.0007 0
1 0.8344 0.0007 9232.22

0 0.8351 0.0007 0
1 0.8351 0.0007 9060.76

0 0.8358 0.0007 0
1 0.8358 0.0007 9178.3

0 0.8365 0.0007 0
1 0.8365 0.0007 12275.9

0 0.8372 0.0007 0
1 0.8372 0.0007 12196.1

0 0.8379 0.0007 0
1 0.8379 0.0007 10022.7

0 0.8386 0.0007 0
1 0.8386 0.0007 10092.9

0 0.8393 0.0007 0
1 0.8393 0.0007 11179.9

0 0.84 0.0007 0
1 0.84 0.0007 11184.9

0 0.8407 0.0007 0
1 0.8407 0.0007 10073.4

0 0.8414 0.0007 0
1 0.8414 0.0007 10894.4

0 0.8421 0.0007 0
1 0.8421 0.0007 10798

0 0.8428 0.0007 0
1 0.8428 0.0007 10933.3

0 0.8435 0.0007 0
1 0.8435 0.0007 10894.4

0 0.8442 0.0007 0
1 0.8442 0.0007 10902.3

0 0.8449 0.0007 0
1 0.8449 0.0007 11685

0 0.8456 0.0007 0
1 0.8456 0.0007 9904.89

0 0.8463 0.0007 0
1 0.8463 0.0007 9179.3

0 0.847 0.0007 0
1 0.847 0.0007 13896.5

0 0.8477 0.0007 0
1 0.8477 0.0007 10971.2

0 0.8484 0.0007 0
1 0.8484 0.0007 9654.07

0 0.8491 0.0007 0
1 0.8491 0.0007 10906

0 0.8498 0.0007 0
1 0.8498 0.0007 11004.5

0 0.8505 0.0007 0
1 0.8505 0.0007 10614.3

0 0.8512 0.0007 0
1 0.8512 0.0007 10633.3

0 0.8519 0.0007 0
1 0.8519 0.0007 10653.6

0 0.8526 0.0007 0
1 0.8526 0.0007 10859.6

0 0.8533 0.0007 0
1 0.8533 0.0007 10320.5

0 0.854 0.0007 0
1 0.854 0.0007 10326.5

0 0.8547 0.0007 0
1 0.8547 0.0007 11329.4

0 0.8554 0.0007 0
1 0.8554 0.0007 10240.9

0 0.8561 0.0007 0
1 0.8561 0.0007 9490.06

0 0.8568 0.0007 0
1 0.8568 0.0007 10344.6

0 0.8575 0.0007 0
1 0.8575 0.0007 12819.7

0 0.8582 0.0007 0
1 0.8582 0.0007 12667.7

0 0.8589 0.0007 0
1 0.8589 0.0007 9753.85

0 0.8596 0.0007 0
1 0.8596 0.0007 8937.89

0 0.8603 0.0007 0
1 0.8603 0.0007 9934.62

0 0.861 0.0007 0
1 0.861 0.0007 11155

0 0.8617 0.0007 0
1 0.8617 0.0007 11072.5

0 0.8624 0.0007 0
1 0.8624 0.0007 10352.9

0 0.8631 0.0007 0
1 0.8631 0.0007 11085.4

0 0.8638 0.0007 0
1 0.8638 0.0007 10507.7

0 0.8645 0.0007 0
1 0.8645 0.0007 10986.7

0 0.8652 0.0007 0
1 0.8652 0.0007 10750.6

0 0.8659 0.0007 0
1 0.8659 0.0007 11018.3

0 0.8666 0.0007 0
1 0.8666 0.0007 11482.4

0 0.8673 0.0007 0
1 0.8673 0.0007 10466.2

0 0.868 0.0007 0
1 0.868 0.0007 10423.1

0 0.8687 0.0007 0
1 0.8687 0.0007 11382.8

0 0.8694 0.0007 0
1 0.8694 0.0007 9985.61

0 0.8701 0.0007 0
1 0.8701 0.0007 9180.88

0 0.8708 0.0007 0
1 0.8708 0.0007 12727.9

0 0.8715 0.0007 0
1 0.8715 0.0007 10729

0 0.8722 0.0007 0
1 0.8722 0.0007 10743.7

0 0.8729 0.0007 0
1 0.8729 0.0007 10898.6

0 0.8736 0.0007 0
1 0.8736 0.0007 10014.4

0 0.8743 0.0007 0
1 0.8743 0.0007 10731.6

0 0.875 0.0007 0
1 0.875 0.0007 11149

0 0.8757 0.0007 0
1 0.8757 0.0007 10859.8

0 0.8764 0.0007 0
1 0.8764 0.0007 10512

0 0.8771 0.0007 0
1 0.8771 0.0007 10329.4

0 0.8778 0.0007 0
1 0.8778 0.0007 11283.7

0 0.8785 0.0007 0
1 0.8785 0.0007 10239

0 0.8792 0.0007 0
1 0.8792 0.0007 10468.8

0 0.8799 0.0007 0
1 0.8799 0.0007 11356.3

0 0.8806 0.0007 0
1 0.8806 0.0007 12357.4

0 0.8813 0.0007 0
1 0.8813 0.0007 9733.92

0 0.882 0.0007 0
1 0.882 0.0007 9001.11

0 0.8827 0.0007 0
1 0.8827 0.0007 8805.59

0 0.8834 0.0007 0
1 0.8834 0.0007 12176.2

0 0.8841 0.0007 0
1 0.8841 0.0007 12383.8

0 0.8848 0.0007 0
1 0.8848 0.0007 10169.9

0 0.8855 0.0007 0
1 0.8855 0.0007 10078.4

0 0.8862 0.0007 0
1 0.8862 0.0007 11238.5

0 0.8869 0.0007 0
1 0.8869 0.0007 11073.3

0 0.8876 0.0007 0
1 0.8876 0.0007 10269.4

0 0.8883 0.0007 0
1 0.8883 0.0007 10594.5

0 0.889 0.0007 0
1 0.889 0.0007 10883.2

0 0.8897 0.0007 0
1 0.8897 0.0007 10749.3

0 0.8904 0.0007 0
1 0.8904 0.0007 11292.2

0 0.8911 0.0007 0
1 0.8911 0.0007 10767

0 0.8918 0.0007 0
1 0.8918 0.0007 11353.8

0 0.8925 0.0007 0
1 0.8925 0.0007 10110.2

0 0.8932 0.0007 0
1 0.8932 0.0007 9223.36

0 0.8939 0.0007 0
1 0.8939 0.0007 14051.2

0 0.8946 0.0007 0
1 0.8946 0.0007 11351.4

0 0.8953 0.0007 0
1 0.8953 0.0007 9629.92

0 0.896 0.0007 0
1 0.896 0.0007 10722

0 0.8967 0.0007 0
1 0.8967 0.0007 10954.3

0 0.8974 0.0007 0
1 0.8974 0.0007 10882.6

0 0.8981 0.0007 0
1 0.8981 0.0007 10598.5

0 0.8988 0.0007 0
1 0.8988 0.0007 10581

0 0.8995 0.0007 0
1 0.8995 0.0007 10908.4

0 0.9002 0.0007 0
1 0.9002 0.0007 10477.3

0 0.9009 0.0007 0
1 0.9009 0.0007 10244.6

0 0.9016 0.0007 0
1 0.9016 0.0007 10987.3

0 0.9023 0.0007 0
1 0.9023 0.0007 10600.2

0 0.903 0.0007 0
1 0.903 0.0007 9465.29

0 0.9037 0.0007 0
1 0.9037 0.0007 10401.3

0 0.9044 0.0007 0
1 0.9044 0.0007 11925.8

0 0.9051 0.0007 0
1 0.9051 0.0007 13268

0 0.9058 0.0007 0
1 0.9058 0.0007 10108.6

0 0.9065 0.0007 0
1 0.9065 0.0007 8871.56

0 0.9072 0.0007 0
1 0.9072 0.0007 9464.88

0 0.9079 0.0007 0
1 0.9079 0.0007 11166

0 0.9086 0.0007 0
1 0.9086 0.0007 11117.2

0 0.9093 0.0007 0
1 0.9093 0.0007 10306.3

0 0.91 0.0007 0
1 0.91 0.0007 10938.5

0 0.9107 0.0007 0
1 0.9107 0.0007 10762.5

0 0.9114 0.0007 0
1 0.9114 0.0007 11066.3

0 0.9121 0.0007 0
1 0.9121 0.0007 10834.2

0 0.9128 0.0007 0
1 0.9128 0.0007 11032.1

0 0.9135 0.0007 0
1 0.9135 0.0007 11391.4

0 0.9142 0.0007 0
1 0.9142 0.0007 10520.4

0 0.9149 0.0007 0
1 0.9149 0.0007 10366.6

0 0.9156 0.0007 0
1 0.9156 0.0007 11696.1

0 0.9163 0.0007 0
1 0.9163 0.0007 9902.06

0 0.917 0.0007 0
1 0.917 0.0007 9229.19

0 0.9177 0.0007 0
1 0.9177 0.0007 13019.8

0 0.9184 0.0007 0
1 0.9184 0.0007 10692.7

0 0.9191 0.0007 0
1 0.9191 0.0007 10756.8

0 0.9198 0.0007 0
1 0.9198 0.0007 11102.4

0 0.9205 0.0007 0
1 0.9205 0.0007 10169.7

0 0.9212 0.0007 0
1 0.9212 0.0007 10736.5

0 0.9219 0.0007 0
1 0.9219 0.0007 11080.7

0 0.9226 0.0007 0
1 0.9226 0.0007 10943.9

0 0.9233 0.0007 0
1 0.9233 0.0007 10631.8

0 0.924 0.0007 0
1 0.924 0.0007 10279.7

0 0.9247 0.0007 0
1 0.9247 0.0007 11208.2

0 0.9254 0.0007 0
1 0.9254 0.0007 10605.5

0 0.9261 0.0007 0
1 0.9261 0.0007 10219.3

0 0.9268 0.0007 0
1 0.9268 0.0007 11020

0 0.9275 0.0007 0
1 0.9275 0.0007 12579.7

0 0.9282 0.0007 0
1 0.9282 0.0007 9869.12

0 0.9289 0.0007 0
1 0.9289 0.0007 8809.6

0 0.9296 0.0007 0
1 0.9296 0.0007 9048.61

0 0.9303 0.0007 0
1 0.9303 0.0007 11732.9

0 0.931 0.0007 0
1 0.931 0.0007 12556.2

0 0.9317 0.0007 0
1 0.9317 0.0007 10418.4

0 0.9324 0.0007 0
1 0.9324 0.0007 9723.66

0 0.9331 0.0007 0
1 0.9331 0.0007 10978.2

0 0.9338 0.0007 0
1 0.9338 0.0007 11103

0 0.9345 0.0007 0
1 0.9345 0.0007 10526.6

0 0.9352 0.0007 0
1 0.9352 0.0007 10398.8

0 0.9359 0.0007 0
1 0.9359 0.0007 10912.7

0 0.9366 0.0007 0
1 0.9366 0.0007 10680.2

0 0.9373 0.0007 0
1 0.9373 0.0007 11065.1

0 0.938 0.0007 0
1 0.938 0.0007 10433.2

0 0.9387 0.0007 0
1 0.9387 0.0007 11229.8

0 0.9394 0.0007 0
1 0.9394 0.0007 10535

0 0.9401 0.0007 0
1 0.9401 0.0007 9539.08

0 0.9408 0.0007 0
1 0.9408 0.0007 14279.5

0 0.9415 0.0007 0
1 0.9415 0.0007 11240.8

0 0.9422 0.0007 0
1 0.9422 0.0007 9583.53

0 0.9429 0.0007 0
1 0.9429 0.0007 10441.7

0 0.9436 0.0007 0
1 0.9436 0.0007 11072.8

0 0.9443 0.0007 0
1 0.9443 0.0007 11002.1

0 0.945 0.0007 0
1 0.945 0.0007 10807.5

0 0.9457 0.0007 0
1 0.9457 0.0007 10385.2

0 0.9464 0.0007 0
1 0.9464 0.0007 11040.4

0 0.9471 0.0007 0
1 0.9471 0.0007 10424.1

0 0.9478 0.0007 0
1 0.9478 0.0007 9913.29

0 0.9485 0.0007 0
1 0.9485 0.0007 10858.4

0 0.9492 0.0007 0
1 0.9492 0.0007 11144

0 0.9499 0.0007 0
1 0.9499 0.0007 9417.09

0 0.9506 0.0007 0
1 0.9506 0.0007 10171.7

0 0.9513 0.0007 0
1 0.9513 0.0007 11717.8

0 0.952 0.0007 0
1 0.952 0.0007 13348.6

0 0.9527 0.0007 0
1 0.9527 0.0007 10464.6

0 0.9534 0.0007 0
1 0.9534 0.0007 8949.94

0 0.9541 0.0007 0
1 0.9541 0.0007 9340.91

0 0.9548 0.0007 0
1 0.9548 0.0007 10797

0 0.9555 0.0007 0
1 0.9555 0.0007 11429.1

0 0.9562 0.0007 0
1 0.9562 0.0007 10586.9

0 0.9569 0.0007 0
1 0.9569 0.0007 10696.4

0 0.9576 0.0007 0
1 0.9576 0.0007 10720.3

0 0.9583 0.0007 0
1 0.9583 0.0007 10807

0 0.959 0.0007 0
1 0.959 0.0007 10639.7

0 0.9597 0.0007 0
1 0.9597 0.0007 10970.2

0 0.9604 0.0007 0
1 0.9604 0.0007 11635.7

0 0.9611 0.0007 0
1 0.9611 0.0007 10643.9

0 0.9618 0.0007 0
1 0.9618 0.0007 10220.5

0 0.9625 0.0007 0
1 0.9625 0.0007 11686.8

0 0.9632 0.0007 0
1 0.9632 0.0007 10151.1

0 0.9639 0.0007 0
1 0.9639 0.0007 9318.88

0 0.9646 0.0007 0
1 0.9646 0.0007 12929.7

0 0.9653 0.0007 0
1 0.9653 0.0007 10760.9

0 0.966 0.0007 0
1 0.966 0.0007 9929.65

0 0.9667 0.0007 0
1 0.9667 0.0007 11256.2

0 0.9674 0.0007 0
1 0.9674 0.0007 10439.1

0 0.9681 0.0007 0
1 0.9681 0.0007 10620.6

0 0.9688 0.0007 0
1 0.9688 0.0007 11353.5

0 0.9695 0.0007 0
1 0.9695 0.0007 10531.8

0 0.9702 0.0007 0
1 0.9702 0.0007 10694.9

0 0.9709 0.0007 0
1 0.9709 0.0007 10229.9

0 0.9716 0.0007 0
1 0.9716 0.0007 10955.6

0 0.9723 0.0007 0
1 0.9723 0.0007 10573.3

0 0.973 0.0007 0
1 0.973 0.0007 10489.1

0 0.9737 0.0007 0
1 0.9737 0.0007 10808.2

0 0.9744 0.0007 0
1 0.9744 0.0007 12972.1

0 0.9751 0.0007 0
1 0.9751 0.0007 10323.9

0 0.9758 0.0007 0
1 0.9758 0.0007 8612.57

0 0.9765 0.0007 0
1 0.9765 0.0007 9066.97

0 0.9772 0.0007 0
1 0.9772 0.0007 11162.6

0 0.9779 0.0007 0
1 0.9779 0.0007 12474.8

0 0.9786 0.0007 0
1 0.9786 0.0007 10833.9

0 0.9793 0.0007 0
1 0.9793 0.0007 9723.97

0 0.98 0.0007 0
1 0.98 0.0007 10976.6

0 0.9807 0.0007 0
1 0.9807 0.0007 11025.6

0 0.9814 0.0007 0
1 0.9814 0.0007 10253.6

0 0.9821 0.0007 0
1 0.9821 0.0007 10210.4

0 0.9828 0.0007 0
1 0.9828 0.0007 11088.7

0 0.9835 0.0007 0
1 0.9835 0.0007 10771

0 0.9842 0.0007 0
1 0.9842 0.0007 10952.6

0 0.9849 0.0007 0
1 0.9849 0.0007 10710.9

0 0.9856 0.0007 0
1 0.9856 0.0007 10861.8

0 0.9863 0.0007 0
1 0.9863 0.0007 11010.8

0 0.987 0.0007 0
1 0.987 0.0007 9387.62

0 0.9877 0.0007 0
1 0.9877 0.0007 9587.33

0 0.9884 0.0007 0
1 0.9884 0.0007 13051.8

0 0.9891 0.0007 0
1 0.9891 0.0007 10386.1

0 0.9898 0.0007 0
1 0.9898 0.0007 10545.2

0 0.9905 0.0007 0
1 0.9905 0.0007 11075.8

0 0.9912 0.0007 0
1 0.9912 0.0007 10371

0 0.9919 0.0007 0
1 0.9919 0.0007 10806.8

0 0.9926 0.0007 0
1 0.9926 0.0007 10343.7

0 0.9933 0.0007 0
1 0.9933 0.0007 11248.2

0 0.994 0.0007 0
1 0.994 0.0007 10581.7

0 0.9947 0.0007 0
1 0.9947 0.0007 10277.4

0 0.9954 0.0007 0
1 0.9954 0.0007 10715.7

0 0.9961 0.0007 0
1 0.9961 0.0007 11281.8

0 0.9968 0.0007 0
1 0.9968 0.0007 9235.45

0 0.9975 0.0007 0
1 0.9975 0.0007 9942.72

0 0.9982 0.0007 0
1 0.9982 0.0007 11468.8

0 0.9989 0.0007 0
1 0.9989 0.0007 13625.6

0 0.9996 0.0007 0
1 0.9996 0.0007 10918.3

0 1.0003 0.0007 0
1 1.0003 0.0007 8991.04

0 1.001 0.0007 0
1 1.001 0.0007 9146.64

0 1.0017 0.0007 0
1 1.0017 0.0007 10798.9

0 1.0024 0.0007 0
1 1.0024 0.0007 11441.1

0 1.0031 0.0007 0
1 1.0031 0.0007 10640.1

0 1.0038 0.0007 0
1 1.0038 0.0007 10212.2

0 1.0045 0.0007 0
1 1.0045 0.0007 10971.8

0 1.0052 0.0007 0
1 1.0052 0.0007 10620.7

0 1.0059 0.0007 0
1 1.0059 0.0007 10790.9

0 1.0066 0.0007 0
1 1.0066 0.0007 10781.2

0 1.0073 0.0007 0
1 1.0073 0.0007 11499.3

0 1.008 0.0007 0
1 1.008 0.0007 11042.1

0 1.0087 0.0007 0
1 1.0087 0.0007 10374.8

0 1.0094 0.0007 0
1 1.0094 0.0007 11118.7

0 1.0101 0.0007 0
1 1.0101 0.0007 10354.2

0 1.0108 0.0007 0
1 1.0108 0.0007 9201.53

0 1.0115 0.0007 0
1 1.0115 0.0007 13305.5

0 1.0122 0.0007 0
1 1.0122 0.0007 10570.1

0 1.0129 0.0007 0
1 1.0129 0.0007 9996.2

0 1.0136 0.0007 0
1 1.0136 0.0007 11368.4

0 1.0143 0.0007 0
1 1.0143 0.0007 10314.7

0 1.015 0.0007 0
1 1.015 0.0007 10550.3

0 1.0157 0.0007 0
1 1.0157 0.0007 11230.9

0 1.0164 0.0007 0
1 1.0164 0.0007 10805

0 1.0171 0.0007 0
1 1.0171 0.0007 10741.2

0 1.0178 0.0007 0
1 1.0178 0.0007 10131.3

0 1.0185 0.0007 0
1 1.0185 0.0007 10847.9

0 1.0192 0.0007 0
1 1.0192 0.0007 10833.6

0 1.0199 0.0007 0
1 1.0199 0.0007 10606.7

0 1.0206 0.0007 0
1 1.0206 0.0007 10590.3

0 1.0213 0.0007 0
1 1.0213 0.0007 12475.3

0 1.022 0.0007 0
1 1.022 0.0007 10949.9

0 1.0227 0.0007 0
1 1.0227 0.0007 8664.01

0 1.0234 0.0007 0
1 1.0234 0.0007 9069.45

0 1.0241 0.0007 0
1 1.0241 0.0007 10389.7

0 1.0248 0.0007 0
1 1.0248 0.0007 12886.3

0 1.0255 0.0007 0
1 1.0255 0.0007 11020.3

0 1.0262 0.0007 0
1 1.0262 0.0007 9700.59

0 1.0269 0.0007 0
1 1.0269 0.0007 10975

0 1.0276 0.0007 0
1 1.0276 0.0007 11109.7

0 1.0283 0.0007 0
1 1.0283 0.0007 10396.5

0 1.029 0.0007 0
1 1.029 0.0007 10380.7

0 1.0297 0.0007 0
1 1.0297 0.0007 11002.8

0 1.0304 0.0007 0
1 1.0304 0.0007 10658.1

0 1.0311 0.0007 0
1 1.0311 0.0007 10927.8

0 1.0318 0.0007 0
1 1.0318 0.0007 10525.5

0 1.0325 0.0007 0
1 1.0325 0.0007 11134.7

0 1.0332 0.0007 0
1 1.0332 0.0007 11185.4

