#Turbine    Time(s)    dt(s)    thrust (N)
0 0 0.0007 -576445
1 0 0.0007 2242.54

0 0.0007 0.0007 -576969
1 0.0007 0.0007 2079.99

0 0.0014 0.0007 -577445
1 0.0014 0.0007 1756.96

0 0.0021 0.0007 -577880
1 0.0021 0.0007 1519.45

0 0.0028 0.0007 -578275
1 0.0028 0.0007 1542.41

0 0.0035 0.0007 -578627
1 0.0035 0.0007 1640.32

0 0.0042 0.0007 -578945
1 0.0042 0.0007 1667.18

0 0.0049 0.0007 -579230
1 0.0049 0.0007 1681.84

0 0.0056 0.0007 -579482
1 0.0056 0.0007 1671.99

0 0.0063 0.0007 -579705
1 0.0063 0.0007 1718.91

0 0.007 0.0007 -579901
1 0.007 0.0007 1705.1

0 0.0077 0.0007 -580070
1 0.0077 0.0007 1698.77

0 0.0084 0.0007 -580215
1 0.0084 0.0007 1740.47

0 0.0091 0.0007 -580337
1 0.0091 0.0007 1754.92

0 0.0098 0.0007 -580438
1 0.0098 0.0007 1658.92

0 0.0105 0.0007 -580518
1 0.0105 0.0007 1688.99

0 0.0112 0.0007 -580577
1 0.0112 0.0007 1779.04

0 0.0119 0.0007 -580617
1 0.0119 0.0007 1889.28

0 0.0126 0.0007 -580642
1 0.0126 0.0007 1796.72

0 0.0133 0.0007 -580651
1 0.0133 0.0007 1680.33

0 0.014 0.0007 -580642
1 0.014 0.0007 1697.81

0 0.0147 0.0007 -580619
1 0.0147 0.0007 1787.42

0 0.0154 0.0007 -580581
1 0.0154 0.0007 1821.43

0 0.0161 0.0007 -580532
1 0.0161 0.0007 1751.36

0 0.0168 0.0007 -580468
1 0.0168 0.0007 1751.84

0 0.0175 0.0007 -580392
1 0.0175 0.0007 1763.74

0 0.0182 0.0007 -580304
1 0.0182 0.0007 1776.15

0 0.0189 0.0007 -580204
1 0.0189 0.0007 1784.38

0 0.0196 0.0007 -580094
1 0.0196 0.0007 1779.78

0 0.0203 0.0007 -579972
1 0.0203 0.0007 1788.33

0 0.021 0.0007 -579841
1 0.021 0.0007 1784.52

0 0.0217 0.0007 -579700
1 0.0217 0.0007 1776.46

0 0.0224 0.0007 -579549
1 0.0224 0.0007 1825.39

0 0.0231 0.0007 -579390
1 0.0231 0.0007 1760.6

0 0.0238 0.0007 -579220
1 0.0238 0.0007 1710.55

0 0.0245 0.0007 -579041
1 0.0245 0.0007 1872.23

0 0.0252 0.0007 -578856
1 0.0252 0.0007 1805.28

0 0.0259 0.0007 -578661
1 0.0259 0.0007 1760.87

0 0.0266 0.0007 -578458
1 0.0266 0.0007 1815.57

0 0.0273 0.0007 -578248
1 0.0273 0.0007 1792.5

0 0.028 0.0007 -578029
1 0.028 0.0007 1775.81

0 0.0287 0.0007 -577802
1 0.0287 0.0007 1825.37

0 0.0294 0.0007 -577568
1 0.0294 0.0007 1801.09

0 0.0301 0.0007 -577327
1 0.0301 0.0007 1806.42

0 0.0308 0.0007 -577078
1 0.0308 0.0007 1779.06

0 0.0315 0.0007 -576823
1 0.0315 0.0007 1806.55

0 0.0322 0.0007 -576562
1 0.0322 0.0007 1795.71

0 0.0329 0.0007 -576292
1 0.0329 0.0007 1778.49

0 0.0336 0.0007 -576014
1 0.0336 0.0007 1793.16

0 0.0343 0.0007 -575734
1 0.0343 0.0007 1956.17

0 0.035 0.0007 -575453
1 0.035 0.0007 1859.15

0 0.0357 0.0007 -575162
1 0.0357 0.0007 1735.7

0 0.0364 0.0007 -574860
1 0.0364 0.0007 1745.24

0 0.0371 0.0007 -574549
1 0.0371 0.0007 1834.48

0 0.0378 0.0007 -574235
1 0.0378 0.0007 1903.59

0 0.0385 0.0007 -573918
1 0.0385 0.0007 1843.68

0 0.0392 0.0007 -573594
1 0.0392 0.0007 1774.49

0 0.0399 0.0007 -573263
1 0.0399 0.0007 1834.12

0 0.0406 0.0007 -572929
1 0.0406 0.0007 1854.39

0 0.0413 0.0007 -572589
1 0.0413 0.0007 1807.41

0 0.042 0.0007 -572244
1 0.042 0.0007 1789.36

0 0.0427 0.0007 -571894
1 0.0427 0.0007 1810.48

0 0.0434 0.0007 -571539
1 0.0434 0.0007 1819.65

0 0.0441 0.0007 -571180
1 0.0441 0.0007 1823.53

0 0.0448 0.0007 -570815
1 0.0448 0.0007 1804.1

0 0.0455 0.0007 -570447
1 0.0455 0.0007 1815.61

0 0.0462 0.0007 -570073
1 0.0462 0.0007 1804.64

0 0.0469 0.0007 -569693
1 0.0469 0.0007 1699.77

0 0.0476 0.0007 -569313
1 0.0476 0.0007 1687.59

0 0.0483 0.0007 -568929
1 0.0483 0.0007 1858.82

0 0.049 0.0007 -568537
1 0.049 0.0007 1740.23

0 0.0497 0.0007 -568145
1 0.0497 0.0007 1725.16

0 0.0504 0.0007 -567746
1 0.0504 0.0007 1734.06

0 0.0511 0.0007 -567346
1 0.0511 0.0007 1707.53

0 0.0518 0.0007 -566942
1 0.0518 0.0007 1736.42

0 0.0525 0.0007 -566533
1 0.0525 0.0007 1715.9

0 0.0532 0.0007 -566122
1 0.0532 0.0007 1754.81

0 0.0539 0.0007 -565708
1 0.0539 0.0007 1736.57

0 0.0546 0.0007 -565291
1 0.0546 0.0007 1714.54

0 0.0553 0.0007 -564870
1 0.0553 0.0007 1724.22

0 0.056 0.0007 -564446
1 0.056 0.0007 1754.05

0 0.0567 0.0007 -564020
1 0.0567 0.0007 1642.66

0 0.0574 0.0007 -563589
1 0.0574 0.0007 1654.57

0 0.0581 0.0007 -563155
1 0.0581 0.0007 1748.9

0 0.0588 0.0007 -562717
1 0.0588 0.0007 1876.03

0 0.0595 0.0007 -562278
1 0.0595 0.0007 1776.67

0 0.0602 0.0007 -561838
1 0.0602 0.0007 1625.04

0 0.0609 0.0007 -561394
1 0.0609 0.0007 1650.23

0 0.0616 0.0007 -560948
1 0.0616 0.0007 1732.28

0 0.0623 0.0007 -560498
1 0.0623 0.0007 1765.01

0 0.063 0.0007 -560046
1 0.063 0.0007 1726

0 0.0637 0.0007 -559591
1 0.0637 0.0007 1685.16

0 0.0644 0.0007 -559133
1 0.0644 0.0007 1717.99

0 0.0651 0.0007 -558673
1 0.0651 0.0007 1717.53

0 0.0658 0.0007 -558211
1 0.0658 0.0007 1724.76

0 0.0665 0.0007 -557746
1 0.0665 0.0007 1713.84

0 0.0672 0.0007 -557277
1 0.0672 0.0007 1746.26

0 0.0679 0.0007 -556806
1 0.0679 0.0007 1743.12

0 0.0686 0.0007 -556333
1 0.0686 0.0007 1713.92

0 0.0693 0.0007 -555858
1 0.0693 0.0007 1743.69

0 0.07 0.0007 -555381
1 0.07 0.0007 1699.02

0 0.0707 0.0007 -554899
1 0.0707 0.0007 1626.82

0 0.0714 0.0007 -554415
1 0.0714 0.0007 1833.91

0 0.0721 0.0007 -553931
1 0.0721 0.0007 1727.65

0 0.0728 0.0007 -553443
1 0.0728 0.0007 1670.8

0 0.0735 0.0007 -552952
1 0.0735 0.0007 1734.88

0 0.0742 0.0007 -552459
1 0.0742 0.0007 1711.07

0 0.0749 0.0007 -551964
1 0.0749 0.0007 1703.53

0 0.0756 0.0007 -551466
1 0.0756 0.0007 1755.86

0 0.0763 0.0007 -550967
1 0.0763 0.0007 1720.59

0 0.077 0.0007 -550465
1 0.077 0.0007 1713.09

0 0.0777 0.0007 -549959
1 0.0777 0.0007 1691.72

0 0.0784 0.0007 -549452
1 0.0784 0.0007 1719.03

0 0.0791 0.0007 -548945
1 0.0791 0.0007 1713.85

0 0.0798 0.0007 -548434
1 0.0798 0.0007 1700.96

0 0.0805 0.0007 -547918
1 0.0805 0.0007 1722.15

0 0.0812 0.0007 -547406
1 0.0812 0.0007 1831.7

0 0.0819 0.0007 -546894
1 0.0819 0.0007 1784.91

0 0.0826 0.0007 -546378
1 0.0826 0.0007 1625.39

0 0.0833 0.0007 -545857
1 0.0833 0.0007 1625.26

0 0.084 0.0007 -545330
1 0.084 0.0007 1681.64

0 0.0847 0.0007 -544803
1 0.0847 0.0007 1823.85

0 0.0854 0.0007 -544279
1 0.0854 0.0007 1746.67

0 0.0861 0.0007 -543751
1 0.0861 0.0007 1666.89

0 0.0868 0.0007 -543220
1 0.0868 0.0007 1730.62

0 0.0875 0.0007 -542690
1 0.0875 0.0007 1733.03

0 0.0882 0.0007 -542158
1 0.0882 0.0007 1706.77

0 0.0889 0.0007 -541626
1 0.0889 0.0007 1680.01

0 0.0896 0.0007 -541092
1 0.0896 0.0007 1711.86

0 0.0903 0.0007 -540557
1 0.0903 0.0007 1698.46

0 0.091 0.0007 -540022
1 0.091 0.0007 1720.89

0 0.0917 0.0007 -539483
1 0.0917 0.0007 1693.95

0 0.0924 0.0007 -538946
1 0.0924 0.0007 1712.3

0 0.0931 0.0007 -538408
1 0.0931 0.0007 1724.16

0 0.0938 0.0007 -537866
1 0.0938 0.0007 1618.73

0 0.0945 0.0007 -537328
1 0.0945 0.0007 1602.51

0 0.0952 0.0007 -536789
1 0.0952 0.0007 1832.39

0 0.0959 0.0007 -536247
1 0.0959 0.0007 1685.76

0 0.0966 0.0007 -535708
1 0.0966 0.0007 1648.21

0 0.0973 0.0007 -535167
1 0.0973 0.0007 1699.49

0 0.098 0.0007 -534627
1 0.098 0.0007 1677.79

0 0.0987 0.0007 -534088
1 0.0987 0.0007 1682.57

0 0.0994 0.0007 -533547
1 0.0994 0.0007 1681.08

0 0.1001 0.0007 -533008
1 0.1001 0.0007 1702.65

0 0.1008 0.0007 -532470
1 0.1008 0.0007 1698.78

0 0.1015 0.0007 -531931
1 0.1015 0.0007 1664.37

0 0.1022 0.0007 -531393
1 0.1022 0.0007 1683.85

0 0.1029 0.0007 -530854
1 0.1029 0.0007 1705.16

0 0.1036 0.0007 -530318
1 0.1036 0.0007 1620.39

0 0.1043 0.0007 -529781
1 0.1043 0.0007 1611.53

0 0.105 0.0007 -529243
1 0.105 0.0007 1699.34

0 0.1057 0.0007 -528706
1 0.1057 0.0007 1832.66

0 0.1064 0.0007 -528169
1 0.1064 0.0007 1760.1

0 0.1071 0.0007 -527636
1 0.1071 0.0007 1592.68

0 0.1078 0.0007 -527101
1 0.1078 0.0007 1591.82

0 0.1085 0.0007 -526568
1 0.1085 0.0007 1683.08

0 0.1092 0.0007 -526035
1 0.1092 0.0007 1707.59

0 0.1099 0.0007 -525502
1 0.1099 0.0007 1695.13

0 0.1106 0.0007 -524970
1 0.1106 0.0007 1643.5

0 0.1113 0.0007 -524439
1 0.1113 0.0007 1680.06

0 0.112 0.0007 -523909
1 0.112 0.0007 1661.11

0 0.1127 0.0007 -523379
1 0.1127 0.0007 1675.24

0 0.1134 0.0007 -522849
1 0.1134 0.0007 1667.32

0 0.1141 0.0007 -522319
1 0.1141 0.0007 1700.23

0 0.1148 0.0007 -521791
1 0.1148 0.0007 1705.62

0 0.1155 0.0007 -521263
1 0.1155 0.0007 1667.89

0 0.1162 0.0007 -520736
1 0.1162 0.0007 1684.35

0 0.1169 0.0007 -520209
1 0.1169 0.0007 1668.1

0 0.1176 0.0007 -519681
1 0.1176 0.0007 1598.97

0 0.1183 0.0007 -519154
1 0.1183 0.0007 1803.59

0 0.119 0.0007 -518630
1 0.119 0.0007 1698.39

0 0.1197 0.0007 -518105
1 0.1197 0.0007 1636.03

0 0.1204 0.0007 -517579
1 0.1204 0.0007 1681.56

0 0.1211 0.0007 -517053
1 0.1211 0.0007 1659.75

0 0.1218 0.0007 -516529
1 0.1218 0.0007 1652.06

0 0.1225 0.0007 -516005
1 0.1225 0.0007 1686.15

0 0.1232 0.0007 -515481
1 0.1232 0.0007 1678.44

0 0.1239 0.0007 -514957
1 0.1239 0.0007 1663.31

0 0.1246 0.0007 -514433
1 0.1246 0.0007 1649.41

0 0.1253 0.0007 -513910
1 0.1253 0.0007 1655.84

0 0.126 0.0007 -513388
1 0.126 0.0007 1674.7

0 0.1267 0.0007 -512867
1 0.1267 0.0007 1666.21

0 0.1274 0.0007 -512343
1 0.1274 0.0007 1670.31

0 0.1281 0.0007 -511822
1 0.1281 0.0007 1766.91

0 0.1288 0.0007 -511305
1 0.1288 0.0007 1748.4

0 0.1295 0.0007 -510788
1 0.1295 0.0007 1574.44

0 0.1302 0.0007 -510267
1 0.1302 0.0007 1570.36

0 0.1309 0.0007 -509742
1 0.1309 0.0007 1604.11

0 0.1316 0.0007 -509219
1 0.1316 0.0007 1756.82

0 0.1323 0.0007 -508701
1 0.1323 0.0007 1727.84

0 0.133 0.0007 -508183
1 0.133 0.0007 1621.94

0 0.1337 0.0007 -507662
1 0.1337 0.0007 1651.27

0 0.1344 0.0007 -507143
1 0.1344 0.0007 1692.45

0 0.1351 0.0007 -506627
1 0.1351 0.0007 1667.41

0 0.1358 0.0007 -506111
1 0.1358 0.0007 1631.82

0 0.1365 0.0007 -505596
1 0.1365 0.0007 1676.06

0 0.1372 0.0007 -505080
1 0.1372 0.0007 1667.31

0 0.1379 0.0007 -504567
1 0.1379 0.0007 1674.1

0 0.1386 0.0007 -504053
1 0.1386 0.0007 1649.99

0 0.1393 0.0007 -503540
1 0.1393 0.0007 1665.61

0 0.14 0.0007 -503029
1 0.14 0.0007 1698.53

0 0.1407 0.0007 -502515
1 0.1407 0.0007 1583.75

0 0.1414 0.0007 -502007
1 0.1414 0.0007 1566.2

0 0.1421 0.0007 -501500
1 0.1421 0.0007 1782.33

0 0.1428 0.0007 -500990
1 0.1428 0.0007 1669.71

0 0.1435 0.0007 -500485
1 0.1435 0.0007 1605.54

0 0.1442 0.0007 -499981
1 0.1442 0.0007 1669.2

0 0.1449 0.0007 -499477
1 0.1449 0.0007 1664.69

0 0.1456 0.0007 -498976
1 0.1456 0.0007 1651.22

0 0.1463 0.0007 -498476
1 0.1463 0.0007 1648.12

0 0.147 0.0007 -497978
1 0.147 0.0007 1647.07

0 0.1477 0.0007 -497481
1 0.1477 0.0007 1666.34

0 0.1484 0.0007 -496986
1 0.1484 0.0007 1634.92

0 0.1491 0.0007 -496493
1 0.1491 0.0007 1642.13

0 0.1498 0.0007 -496000
1 0.1498 0.0007 1690.69

0 0.1505 0.0007 -495511
1 0.1505 0.0007 1592.17

0 0.1512 0.0007 -495022
1 0.1512 0.0007 1581.53

0 0.1519 0.0007 -494535
1 0.1519 0.0007 1659.09

0 0.1526 0.0007 -494047
1 0.1526 0.0007 1802.58

0 0.1533 0.0007 -493563
1 0.1533 0.0007 1746.81

0 0.154 0.0007 -493081
1 0.154 0.0007 1593.8

0 0.1547 0.0007 -492601
1 0.1547 0.0007 1535.05

0 0.1554 0.0007 -492121
1 0.1554 0.0007 1630.5

0 0.1561 0.0007 -491644
1 0.1561 0.0007 1676.61

0 0.1568 0.0007 -491168
1 0.1568 0.0007 1655.78

0 0.1575 0.0007 -490693
1 0.1575 0.0007 1619

0 0.1582 0.0007 -490219
1 0.1582 0.0007 1654.11

0 0.1589 0.0007 -489748
1 0.1589 0.0007 1646.42

0 0.1596 0.0007 -489277
1 0.1596 0.0007 1653.85

0 0.1603 0.0007 -488808
1 0.1603 0.0007 1626.66

0 0.161 0.0007 -488340
1 0.161 0.0007 1659.05

0 0.1617 0.0007 -487873
1 0.1617 0.0007 1696.03

0 0.1624 0.0007 -487408
1 0.1624 0.0007 1622.49

0 0.1631 0.0007 -486944
1 0.1631 0.0007 1652.02

0 0.1638 0.0007 -486481
1 0.1638 0.0007 1643.22

0 0.1645 0.0007 -486018
1 0.1645 0.0007 1583.18

0 0.1652 0.0007 -485556
1 0.1652 0.0007 1553.06

0 0.1659 0.0007 -485096
1 0.1659 0.0007 1716.9

0 0.1666 0.0007 -484638
1 0.1666 0.0007 1629.8

0 0.1673 0.0007 -484179
1 0.1673 0.0007 1658.87

0 0.168 0.0007 -483722
1 0.168 0.0007 1646.58

0 0.1687 0.0007 -483266
1 0.1687 0.0007 1592.31

0 0.1694 0.0007 -482811
1 0.1694 0.0007 1655.08

0 0.1701 0.0007 -482356
1 0.1701 0.0007 1650.67

0 0.1708 0.0007 -481902
1 0.1708 0.0007 1638.48

0 0.1715 0.0007 -481448
1 0.1715 0.0007 1624.87

0 0.1722 0.0007 -480996
1 0.1722 0.0007 1624.7

0 0.1729 0.0007 -480545
1 0.1729 0.0007 1647.08

0 0.1736 0.0007 -480096
1 0.1736 0.0007 1633.21

0 0.1743 0.0007 -479644
1 0.1743 0.0007 1649.85

0 0.175 0.0007 -479195
1 0.175 0.0007 1706.48

0 0.1757 0.0007 -478750
1 0.1757 0.0007 1741.58

0 0.1764 0.0007 -478306
1 0.1764 0.0007 1560.3

0 0.1771 0.0007 -477860
1 0.1771 0.0007 1539.64

0 0.1778 0.0007 -477409
1 0.1778 0.0007 1555.18

0 0.1785 0.0007 -476959
1 0.1785 0.0007 1716.75

0 0.1792 0.0007 -476516
1 0.1792 0.0007 1719.33

0 0.1799 0.0007 -476073
1 0.1799 0.0007 1611.25

0 0.1806 0.0007 -475628
1 0.1806 0.0007 1597

0 0.1813 0.0007 -475185
1 0.1813 0.0007 1665.84

0 0.182 0.0007 -474744
1 0.182 0.0007 1653.06

0 0.1827 0.0007 -474304
1 0.1827 0.0007 1598.05

0 0.1834 0.0007 -473865
1 0.1834 0.0007 1651.97

0 0.1841 0.0007 -473425
1 0.1841 0.0007 1637.56

0 0.1848 0.0007 -472989
1 0.1848 0.0007 1636.83

0 0.1855 0.0007 -472552
1 0.1855 0.0007 1636.27

0 0.1862 0.0007 -472116
1 0.1862 0.0007 1629.34

0 0.1869 0.0007 -471683
1 0.1869 0.0007 1684.84

0 0.1876 0.0007 -471247
1 0.1876 0.0007 1571.49

0 0.1883 0.0007 -470815
1 0.1883 0.0007 1551.77

0 0.189 0.0007 -470386
1 0.189 0.0007 1778.43

0 0.1897 0.0007 -469954
1 0.1897 0.0007 1646.87

0 0.1904 0.0007 -469527
1 0.1904 0.0007 1572.08

0 0.1911 0.0007 -469101
1 0.1911 0.0007 1643.15

0 0.1918 0.0007 -468675
1 0.1918 0.0007 1638.65

0 0.1925 0.0007 -468253
1 0.1925 0.0007 1606.38

0 0.1932 0.0007 -467831
1 0.1932 0.0007 1624.15

0 0.1939 0.0007 -467411
1 0.1939 0.0007 1627.08

0 0.1946 0.0007 -466993
1 0.1946 0.0007 1643.73

0 0.1953 0.0007 -466576
1 0.1953 0.0007 1617.75

0 0.196 0.0007 -466162
1 0.196 0.0007 1617.46

0 0.1967 0.0007 -465748
1 0.1967 0.0007 1650.99

0 0.1974 0.0007 -465337
1 0.1974 0.0007 1599.63

0 0.1981 0.0007 -464928
1 0.1981 0.0007 1556.54

0 0.1988 0.0007 -464519
1 0.1988 0.0007 1616.65

0 0.1995 0.0007 -464111
1 0.1995 0.0007 1752.43

0 0.2002 0.0007 -463705
1 0.2002 0.0007 1747.75

0 0.2009 0.0007 -463303
1 0.2009 0.0007 1586.08

0 0.2016 0.0007 -462901
1 0.2016 0.0007 1528.02

0 0.2023 0.0007 -462501
1 0.2023 0.0007 1590.72

0 0.203 0.0007 -462103
1 0.203 0.0007 1655.68

0 0.2037 0.0007 -461706
1 0.2037 0.0007 1642.26

0 0.2044 0.0007 -461310
1 0.2044 0.0007 1603.39

0 0.2051 0.0007 -460916
1 0.2051 0.0007 1635.22

0 0.2058 0.0007 -460523
1 0.2058 0.0007 1620.13

0 0.2065 0.0007 -460132
1 0.2065 0.0007 1644.32

0 0.2072 0.0007 -459742
1 0.2072 0.0007 1622.23

0 0.2079 0.0007 -459353
1 0.2079 0.0007 1638.37

0 0.2086 0.0007 -458964
1 0.2086 0.0007 1661.6

0 0.2093 0.0007 -458578
1 0.2093 0.0007 1606.45

0 0.21 0.0007 -458193
1 0.21 0.0007 1618.75

0 0.2107 0.0007 -457809
1 0.2107 0.0007 1636.87

0 0.2114 0.0007 -457425
1 0.2114 0.0007 1564.35

0 0.2121 0.0007 -457041
1 0.2121 0.0007 1533.81

0 0.2128 0.0007 -456660
1 0.2128 0.0007 1718.22

0 0.2135 0.0007 -456281
1 0.2135 0.0007 1629.36

0 0.2142 0.0007 -455901
1 0.2142 0.0007 1632.9

0 0.2149 0.0007 -455522
1 0.2149 0.0007 1627.73

0 0.2156 0.0007 -455144
1 0.2156 0.0007 1580.65

0 0.2163 0.0007 -454767
1 0.2163 0.0007 1631.87

0 0.217 0.0007 -454391
1 0.217 0.0007 1645.34

0 0.2177 0.0007 -454015
1 0.2177 0.0007 1625.8

0 0.2184 0.0007 -453639
1 0.2184 0.0007 1606.08

0 0.2191 0.0007 -453264
1 0.2191 0.0007 1594.43

0 0.2198 0.0007 -452891
1 0.2198 0.0007 1629.69

0 0.2205 0.0007 -452519
1 0.2205 0.0007 1598.08

0 0.2212 0.0007 -452146
1 0.2212 0.0007 1629.46

0 0.2219 0.0007 -451773
1 0.2219 0.0007 1675.65

0 0.2226 0.0007 -451405
1 0.2226 0.0007 1724.98

0 0.2233 0.0007 -451038
1 0.2233 0.0007 1578.95

0 0.224 0.0007 -450669
1 0.224 0.0007 1508.86

0 0.2247 0.0007 -450297
1 0.2247 0.0007 1526.83

0 0.2254 0.0007 -449924
1 0.2254 0.0007 1682.14

0 0.2261 0.0007 -449557
1 0.2261 0.0007 1713

0 0.2268 0.0007 -449190
1 0.2268 0.0007 1601.61

0 0.2275 0.0007 -448822
1 0.2275 0.0007 1577.93

0 0.2282 0.0007 -448455
1 0.2282 0.0007 1650.28

0 0.2289 0.0007 -448090
1 0.2289 0.0007 1640.65

0 0.2296 0.0007 -447725
1 0.2296 0.0007 1590.1

0 0.2303 0.0007 -447362
1 0.2303 0.0007 1604.43

0 0.231 0.0007 -446998
1 0.231 0.0007 1619.84

0 0.2317 0.0007 -446638
1 0.2317 0.0007 1625.64

0 0.2324 0.0007 -446276
1 0.2324 0.0007 1633.43

0 0.2331 0.0007 -445915
1 0.2331 0.0007 1615.78

0 0.2338 0.0007 -445557
1 0.2338 0.0007 1663.74

0 0.2345 0.0007 -445197
1 0.2345 0.0007 1568.52

0 0.2352 0.0007 -444838
1 0.2352 0.0007 1510.31

0 0.2359 0.0007 -444483
1 0.2359 0.0007 1777.98

0 0.2366 0.0007 -444125
1 0.2366 0.0007 1644.6

0 0.2373 0.0007 -443772
1 0.2373 0.0007 1555.37

0 0.238 0.0007 -443421
1 0.238 0.0007 1611.31

0 0.2387 0.0007 -443068
1 0.2387 0.0007 1635.96

0 0.2394 0.0007 -442719
1 0.2394 0.0007 1610.51

0 0.2401 0.0007 -442371
1 0.2401 0.0007 1613.75

0 0.2408 0.0007 -442024
1 0.2408 0.0007 1611.96

0 0.2415 0.0007 -441679
1 0.2415 0.0007 1621.06

0 0.2422 0.0007 -441335
1 0.2422 0.0007 1601.04

0 0.2429 0.0007 -440993
1 0.2429 0.0007 1599.63

0 0.2436 0.0007 -440652
1 0.2436 0.0007 1630.82

0 0.2443 0.0007 -440313
1 0.2443 0.0007 1604.32

0 0.245 0.0007 -439976
1 0.245 0.0007 1540.95

0 0.2457 0.0007 -439639
1 0.2457 0.0007 1584.36

0 0.2464 0.0007 -439302
1 0.2464 0.0007 1705.3

0 0.2471 0.0007 -438967
1 0.2471 0.0007 1745.61

0 0.2478 0.0007 -438636
1 0.2478 0.0007 1602.54

0 0.2485 0.0007 -438305
1 0.2485 0.0007 1514.22

0 0.2492 0.0007 -437976
1 0.2492 0.0007 1566.82

0 0.2499 0.0007 -437649
1 0.2499 0.0007 1633.9

0 0.2506 0.0007 -437322
1 0.2506 0.0007 1634.31

0 0.2513 0.0007 -436997
1 0.2513 0.0007 1611.08

0 0.252 0.0007 -436673
1 0.252 0.0007 1606.52

0 0.2527 0.0007 -436350
1 0.2527 0.0007 1609.94

0 0.2534 0.0007 -436029
1 0.2534 0.0007 1615.28

0 0.2541 0.0007 -435709
1 0.2541 0.0007 1608.13

0 0.2548 0.0007 -435389
1 0.2548 0.0007 1625.63

0 0.2555 0.0007 -435071
1 0.2555 0.0007 1648.55

0 0.2562 0.0007 -434755
1 0.2562 0.0007 1609.41

0 0.2569 0.0007 -434439
1 0.2569 0.0007 1587.51

0 0.2576 0.0007 -434124
1 0.2576 0.0007 1637.86

0 0.2583 0.0007 -433810
1 0.2583 0.0007 1567.2

0 0.259 0.0007 -433496
1 0.259 0.0007 1519.72

0 0.2597 0.0007 -433183
1 0.2597 0.0007 1728.83

0 0.2604 0.0007 -432874
1 0.2604 0.0007 1616.69

0 0.2611 0.0007 -432563
1 0.2611 0.0007 1603.16

0 0.2618 0.0007 -432252
1 0.2618 0.0007 1621.38

0 0.2625 0.0007 -431943
1 0.2625 0.0007 1578.18

0 0.2632 0.0007 -431635
1 0.2632 0.0007 1601.31

0 0.2639 0.0007 -431328
1 0.2639 0.0007 1636.29

0 0.2646 0.0007 -431021
1 0.2646 0.0007 1608.82

0 0.2653 0.0007 -430714
1 0.2653 0.0007 1608.53

0 0.266 0.0007 -430408
1 0.266 0.0007 1575.18

0 0.2667 0.0007 -430103
1 0.2667 0.0007 1635.29

0 0.2674 0.0007 -429800
1 0.2674 0.0007 1583.95

0 0.2681 0.0007 -429495
1 0.2681 0.0007 1600.64

0 0.2688 0.0007 -429191
1 0.2688 0.0007 1650.28

0 0.2695 0.0007 -428891
1 0.2695 0.0007 1719.96

0 0.2702 0.0007 -428592
1 0.2702 0.0007 1576.76

0 0.2709 0.0007 -428292
1 0.2709 0.0007 1498.65

0 0.2716 0.0007 -427989
1 0.2716 0.0007 1511.78

0 0.2723 0.0007 -427684
1 0.2723 0.0007 1657.51

0 0.273 0.0007 -427385
1 0.273 0.0007 1709.59

0 0.2737 0.0007 -427087
1 0.2737 0.0007 1604.08

0 0.2744 0.0007 -426787
1 0.2744 0.0007 1553.83

0 0.2751 0.0007 -426487
1 0.2751 0.0007 1627.54

0 0.2758 0.0007 -426191
1 0.2758 0.0007 1621.37

0 0.2765 0.0007 -425894
1 0.2765 0.0007 1585.12

0 0.2772 0.0007 -425599
1 0.2772 0.0007 1579.84

0 0.2779 0.0007 -425303
1 0.2779 0.0007 1617.62

0 0.2786 0.0007 -425010
1 0.2786 0.0007 1622.94

0 0.2793 0.0007 -424717
1 0.2793 0.0007 1628.65

0 0.28 0.0007 -424423
1 0.28 0.0007 1572.93

0 0.2807 0.0007 -424132
1 0.2807 0.0007 1629.83

0 0.2814 0.0007 -423841
1 0.2814 0.0007 1582.66

0 0.2821 0.0007 -423549
1 0.2821 0.0007 1519.81

0 0.2828 0.0007 -423262
1 0.2828 0.0007 1768.29

0 0.2835 0.0007 -422972
1 0.2835 0.0007 1639.37

0 0.2842 0.0007 -422686
1 0.2842 0.0007 1530.32

0 0.2849 0.0007 -422402
1 0.2849 0.0007 1604.98

0 0.2856 0.0007 -422117
1 0.2856 0.0007 1610.35

0 0.2863 0.0007 -421835
1 0.2863 0.0007 1604.02

0 0.287 0.0007 -421554
1 0.287 0.0007 1601.03

0 0.2877 0.0007 -421274
1 0.2877 0.0007 1592.64

0 0.2884 0.0007 -420996
1 0.2884 0.0007 1628.35

0 0.2891 0.0007 -420719
1 0.2891 0.0007 1596.59

0 0.2898 0.0007 -420445
1 0.2898 0.0007 1583.68

0 0.2905 0.0007 -420170
1 0.2905 0.0007 1613.96

0 0.2912 0.0007 -419897
1 0.2912 0.0007 1611.93

0 0.2919 0.0007 -419628
1 0.2919 0.0007 1525.75

0 0.2926 0.0007 -419358
1 0.2926 0.0007 1576.18

0 0.2933 0.0007 -419088
1 0.2933 0.0007 1669.68

0 0.294 0.0007 -418820
1 0.294 0.0007 1748.57

0 0.2947 0.0007 -418554
1 0.2947 0.0007 1614.45

0 0.2954 0.0007 -418291
1 0.2954 0.0007 1500.03

0 0.2961 0.0007 -418028
1 0.2961 0.0007 1527.95

0 0.2968 0.0007 -417767
1 0.2968 0.0007 1621.36

0 0.2975 0.0007 -417507
1 0.2975 0.0007 1635.83

0 0.2982 0.0007 -417248
1 0.2982 0.0007 1598.75

0 0.2989 0.0007 -416990
1 0.2989 0.0007 1590.7

0 0.2996 0.0007 -416734
1 0.2996 0.0007 1591.61

0 0.3003 0.0007 -416479
1 0.3003 0.0007 1604.35

0 0.301 0.0007 -416225
1 0.301 0.0007 1610.63

0 0.3017 0.0007 -415972
1 0.3017 0.0007 1607.94

0 0.3024 0.0007 -415719
1 0.3024 0.0007 1642.2

0 0.3031 0.0007 -415469
1 0.3031 0.0007 1600.31

0 0.3038 0.0007 -415219
1 0.3038 0.0007 1581.29

0 0.3045 0.0007 -414971
1 0.3045 0.0007 1643.46

0 0.3052 0.0007 -414723
1 0.3052 0.0007 1558.12

0 0.3059 0.0007 -414474
1 0.3059 0.0007 1516.27

0 0.3066 0.0007 -414227
1 0.3066 0.0007 1714.76

0 0.3073 0.0007 -413984
1 0.3073 0.0007 1611.04

0 0.308 0.0007 -413739
1 0.308 0.0007 1577.15

0 0.3087 0.0007 -413494
1 0.3087 0.0007 1620.18

0 0.3094 0.0007 -413251
1 0.3094 0.0007 1591.5

0 0.3101 0.0007 -413009
1 0.3101 0.0007 1568.98

0 0.3108 0.0007 -412766
1 0.3108 0.0007 1625.83

0 0.3115 0.0007 -412525
1 0.3115 0.0007 1598.85

0 0.3122 0.0007 -412284
1 0.3122 0.0007 1593.77

0 0.3129 0.0007 -412043
1 0.3129 0.0007 1569.81

0 0.3136 0.0007 -411804
1 0.3136 0.0007 1613.72

0 0.3143 0.0007 -411566
1 0.3143 0.0007 1586.42

0 0.315 0.0007 -411328
1 0.315 0.0007 1586.75

0 0.3157 0.0007 -411088
1 0.3157 0.0007 1632.88

0 0.3164 0.0007 -410853
1 0.3164 0.0007 1719.24

0 0.3171 0.0007 -410620
1 0.3171 0.0007 1591.31

0 0.3178 0.0007 -410386
1 0.3178 0.0007 1493.91

0 0.3185 0.0007 -410148
1 0.3185 0.0007 1512.57

0 0.3192 0.0007 -409909
1 0.3192 0.0007 1613.34

0 0.3199 0.0007 -409674
1 0.3199 0.0007 1700.64

0 0.3206 0.0007 -409442
1 0.3206 0.0007 1613.21

0 0.3213 0.0007 -409207
1 0.3213 0.0007 1556.64

0 0.322 0.0007 -408973
1 0.322 0.0007 1613.93

0 0.3227 0.0007 -408741
1 0.3227 0.0007 1623.68

0 0.3234 0.0007 -408509
1 0.3234 0.0007 1574.26

0 0.3241 0.0007 -408280
1 0.3241 0.0007 1578.22

0 0.3248 0.0007 -408049
1 0.3248 0.0007 1610.94

0 0.3255 0.0007 -407820
1 0.3255 0.0007 1598.6

0 0.3262 0.0007 -407592
1 0.3262 0.0007 1597.28

0 0.3269 0.0007 -407363
1 0.3269 0.0007 1581.37

0 0.3276 0.0007 -407137
1 0.3276 0.0007 1616.09

0 0.3283 0.0007 -406911
1 0.3283 0.0007 1594.06

0 0.329 0.0007 -406684
1 0.329 0.0007 1529.18

0 0.3297 0.0007 -406461
1 0.3297 0.0007 1509.91

0 0.3304 0.0007 -406239
1 0.3304 0.0007 1699.69

0 0.3311 0.0007 -406016
1 0.3311 0.0007 1582.03

0 0.3318 0.0007 -405796
1 0.3318 0.0007 1590.64

0 0.3325 0.0007 -405575
1 0.3325 0.0007 1609.22

0 0.3332 0.0007 -405358
1 0.3332 0.0007 1585.93

0 0.3339 0.0007 -405142
1 0.3339 0.0007 1599.57

0 0.3346 0.0007 -404926
1 0.3346 0.0007 1587.01

0 0.3353 0.0007 -404712
1 0.3353 0.0007 1616.11

0 0.336 0.0007 -404499
1 0.336 0.0007 1578.73

0 0.3367 0.0007 -404289
1 0.3367 0.0007 1571.42

0 0.3374 0.0007 -404078
1 0.3374 0.0007 1604.64

0 0.3381 0.0007 -403869
1 0.3381 0.0007 1614.62

0 0.3388 0.0007 -403663
1 0.3388 0.0007 1520.01

0 0.3395 0.0007 -403457
1 0.3395 0.0007 1549.46

0 0.3402 0.0007 -403252
1 0.3402 0.0007 1648.61

0 0.3409 0.0007 -403047
1 0.3409 0.0007 1746.02

0 0.3416 0.0007 -402845
1 0.3416 0.0007 1628.06

0 0.3423 0.0007 -402644
1 0.3423 0.0007 1512.61

0 0.343 0.0007 -402446
1 0.343 0.0007 1519.32

0 0.3437 0.0007 -402248
1 0.3437 0.0007 1593.26

0 0.3444 0.0007 -402051
1 0.3444 0.0007 1640.63

0 0.3451 0.0007 -401856
1 0.3451 0.0007 1583.41

0 0.3458 0.0007 -401661
1 0.3458 0.0007 1575.48

0 0.3465 0.0007 -401468
1 0.3465 0.0007 1587.42

0 0.3472 0.0007 -401276
1 0.3472 0.0007 1590.04

0 0.3479 0.0007 -401085
1 0.3479 0.0007 1591.76

0 0.3486 0.0007 -400895
1 0.3486 0.0007 1607.35

0 0.3493 0.0007 -400705
1 0.3493 0.0007 1634.78

0 0.35 0.0007 -400517
1 0.35 0.0007 1608.5

0 0.3507 0.0007 -400331
1 0.3507 0.0007 1575.76

0 0.3514 0.0007 -400145
1 0.3514 0.0007 1613.37

0 0.3521 0.0007 -399959
1 0.3521 0.0007 1556.39

0 0.3528 0.0007 -399773
1 0.3528 0.0007 1499.84

0 0.3535 0.0007 -399589
1 0.3535 0.0007 1717.75

0 0.3542 0.0007 -399407
1 0.3542 0.0007 1617.75

0 0.3549 0.0007 -399225
1 0.3549 0.0007 1548.76

0 0.3556 0.0007 -399043
1 0.3556 0.0007 1607.52

0 0.3563 0.0007 -398862
1 0.3563 0.0007 1588.15

0 0.357 0.0007 -398681
1 0.357 0.0007 1565.41

0 0.3577 0.0007 -398501
1 0.3577 0.0007 1617.43

0 0.3584 0.0007 -398322
1 0.3584 0.0007 1585.23

0 0.3591 0.0007 -398143
1 0.3591 0.0007 1574.49

0 0.3598 0.0007 -397964
1 0.3598 0.0007 1565.54

0 0.3605 0.0007 -397786
1 0.3605 0.0007 1593.77

0 0.3612 0.0007 -397609
1 0.3612 0.0007 1593.45

0 0.3619 0.0007 -397433
1 0.3619 0.0007 1593.73

0 0.3626 0.0007 -397255
1 0.3626 0.0007 1607.74

0 0.3633 0.0007 -397081
1 0.3633 0.0007 1708.96

0 0.364 0.0007 -396909
1 0.364 0.0007 1614.67

0 0.3647 0.0007 -396736
1 0.3647 0.0007 1480.28

0 0.3654 0.0007 -396560
1 0.3654 0.0007 1495.01

0 0.3661 0.0007 -396382
1 0.3661 0.0007 1585.7

0 0.3668 0.0007 -396207
1 0.3668 0.0007 1689.73

0 0.3675 0.0007 -396035
1 0.3675 0.0007 1621.63

0 0.3682 0.0007 -395862
1 0.3682 0.0007 1549.78

0 0.3689 0.0007 -395688
1 0.3689 0.0007 1606.41

0 0.3696 0.0007 -395517
1 0.3696 0.0007 1611.35

0 0.3703 0.0007 -395346
1 0.3703 0.0007 1567.77

0 0.371 0.0007 -395176
1 0.371 0.0007 1572.5

0 0.3717 0.0007 -395006
1 0.3717 0.0007 1598.43

0 0.3724 0.0007 -394837
1 0.3724 0.0007 1600.47

0 0.3731 0.0007 -394669
1 0.3731 0.0007 1599.12

0 0.3738 0.0007 -394499
1 0.3738 0.0007 1580.54

0 0.3745 0.0007 -394333
1 0.3745 0.0007 1593.92

0 0.3752 0.0007 -394167
1 0.3752 0.0007 1603.97

0 0.3759 0.0007 -393999
1 0.3759 0.0007 1510.19

0 0.3766 0.0007 -393836
1 0.3766 0.0007 1517.85

0 0.3773 0.0007 -393672
1 0.3773 0.0007 1717.5

0 0.378 0.0007 -393508
1 0.378 0.0007 1588.14

0 0.3787 0.0007 -393348
1 0.3787 0.0007 1567.96

0 0.3794 0.0007 -393186
1 0.3794 0.0007 1589.25

0 0.3801 0.0007 -393026
1 0.3801 0.0007 1560.16

0 0.3808 0.0007 -392869
1 0.3808 0.0007 1600.47

0 0.3815 0.0007 -392711
1 0.3815 0.0007 1580.04

0 0.3822 0.0007 -392556
1 0.3822 0.0007 1615.33

0 0.3829 0.0007 -392402
1 0.3829 0.0007 1581.76

0 0.3836 0.0007 -392249
1 0.3836 0.0007 1560.85

0 0.3843 0.0007 -392096
1 0.3843 0.0007 1586.2

0 0.385 0.0007 -391945
1 0.385 0.0007 1620.87

0 0.3857 0.0007 -391796
1 0.3857 0.0007 1523.06

0 0.3864 0.0007 -391648
1 0.3864 0.0007 1532

0 0.3871 0.0007 -391500
1 0.3871 0.0007 1633.85

0 0.3878 0.0007 -391352
1 0.3878 0.0007 1751.11

0 0.3885 0.0007 -391207
1 0.3885 0.0007 1640.36

0 0.3892 0.0007 -391064
1 0.3892 0.0007 1489.56

0 0.3899 0.0007 -390922
1 0.3899 0.0007 1509.3

0 0.3906 0.0007 -390780
1 0.3906 0.0007 1582.65

0 0.3913 0.0007 -390640
1 0.3913 0.0007 1628.08

0 0.392 0.0007 -390501
1 0.392 0.0007 1606.03

0 0.3927 0.0007 -390363
1 0.3927 0.0007 1561.88

0 0.3934 0.0007 -390226
1 0.3934 0.0007 1596.18

0 0.3941 0.0007 -390090
1 0.3941 0.0007 1588.11

0 0.3948 0.0007 -389955
1 0.3948 0.0007 1596.33

0 0.3955 0.0007 -389820
1 0.3955 0.0007 1586.05

0 0.3962 0.0007 -389686
1 0.3962 0.0007 1627.99

0 0.3969 0.0007 -389553
1 0.3969 0.0007 1619.96

0 0.3976 0.0007 -389422
1 0.3976 0.0007 1578.88

0 0.3983 0.0007 -389291
1 0.3983 0.0007 1604.8

0 0.399 0.0007 -389161
1 0.399 0.0007 1564.8

0 0.3997 0.0007 -389030
1 0.3997 0.0007 1502.27

0 0.4004 0.0007 -388900
1 0.4004 0.0007 1721.73

0 0.4011 0.0007 -388773
1 0.4011 0.0007 1603.34

0 0.4018 0.0007 -388646
1 0.4018 0.0007 1543.35

0 0.4025 0.0007 -388518
1 0.4025 0.0007 1602.47

0 0.4032 0.0007 -388391
1 0.4032 0.0007 1580.59

0 0.4039 0.0007 -388264
1 0.4039 0.0007 1561.36

0 0.4046 0.0007 -388138
1 0.4046 0.0007 1615.38

0 0.4053 0.0007 -388013
1 0.4053 0.0007 1584.95

0 0.406 0.0007 -387887
1 0.406 0.0007 1571.03

0 0.4067 0.0007 -387761
1 0.4067 0.0007 1571.82

0 0.4074 0.0007 -387637
1 0.4074 0.0007 1578

0 0.4081 0.0007 -387513
1 0.4081 0.0007 1596.97

0 0.4088 0.0007 -387390
1 0.4088 0.0007 1595.92

0 0.4095 0.0007 -387265
1 0.4095 0.0007 1586.56

0 0.4102 0.0007 -387142
1 0.4102 0.0007 1678.4

0 0.4109 0.0007 -387023
1 0.4109 0.0007 1645.19

0 0.4116 0.0007 -386903
1 0.4116 0.0007 1485.72

0 0.4123 0.0007 -386779
1 0.4123 0.0007 1488.89

0 0.413 0.0007 -386653
1 0.413 0.0007 1535.81

0 0.4137 0.0007 -386530
1 0.4137 0.0007 1695.38

0 0.4144 0.0007 -386410
1 0.4144 0.0007 1637.14

0 0.4151 0.0007 -386289
1 0.4151 0.0007 1540.98

0 0.4158 0.0007 -386166
1 0.4158 0.0007 1576.48

0 0.4165 0.0007 -386045
1 0.4165 0.0007 1612.94

0 0.4172 0.0007 -385925
1 0.4172 0.0007 1573.16

0 0.4179 0.0007 -385806
1 0.4179 0.0007 1570.95

0 0.4186 0.0007 -385687
1 0.4186 0.0007 1595.24

0 0.4193 0.0007 -385567
1 0.4193 0.0007 1588.84

0 0.42 0.0007 -385450
1 0.42 0.0007 1607.89

0 0.4207 0.0007 -385331
1 0.4207 0.0007 1576.04

0 0.4214 0.0007 -385214
1 0.4214 0.0007 1590.61

0 0.4221 0.0007 -385098
1 0.4221 0.0007 1606.99

0 0.4228 0.0007 -384979
1 0.4228 0.0007 1511.71

0 0.4235 0.0007 -384865
1 0.4235 0.0007 1499.27

0 0.4242 0.0007 -384751
1 0.4242 0.0007 1724.79

0 0.4249 0.0007 -384635
1 0.4249 0.0007 1582.16

0 0.4256 0.0007 -384523
1 0.4256 0.0007 1549.68

0 0.4263 0.0007 -384410
1 0.4263 0.0007 1595.91

0 0.427 0.0007 -384298
1 0.427 0.0007 1570.48

0 0.4277 0.0007 -384189
1 0.4277 0.0007 1581.21

0 0.4284 0.0007 -384079
1 0.4284 0.0007 1580.07

0 0.4291 0.0007 -383971
1 0.4291 0.0007 1593.59

0 0.4298 0.0007 -383865
1 0.4298 0.0007 1595.28

0 0.4305 0.0007 -383759
1 0.4305 0.0007 1557.78

0 0.4312 0.0007 -383653
1 0.4312 0.0007 1579.68

0 0.4319 0.0007 -383549
1 0.4319 0.0007 1613.73

0 0.4326 0.0007 -383447
1 0.4326 0.0007 1528.3

0 0.4333 0.0007 -383345
1 0.4333 0.0007 1511.41

0 0.434 0.0007 -383243
1 0.434 0.0007 1628.15

0 0.4347 0.0007 -383141
1 0.4347 0.0007 1736.33

0 0.4354 0.0007 -383041
1 0.4354 0.0007 1672.13

0 0.4361 0.0007 -382944
1 0.4361 0.0007 1505.44

0 0.4368 0.0007 -382847
1 0.4368 0.0007 1489.41

0 0.4375 0.0007 -382751
1 0.4375 0.0007 1569.65

0 0.4382 0.0007 -382656
1 0.4382 0.0007 1616.25

0 0.4389 0.0007 -382561
1 0.4389 0.0007 1582.06

0 0.4396 0.0007 -382467
1 0.4396 0.0007 1559.32

0 0.4403 0.0007 -382374
1 0.4403 0.0007 1593.94

0 0.441 0.0007 -382282
1 0.441 0.0007 1577.77

0 0.4417 0.0007 -382191
1 0.4417 0.0007 1586.29

0 0.4424 0.0007 -382100
1 0.4424 0.0007 1577.55

0 0.4431 0.0007 -382010
1 0.4431 0.0007 1611.41

0 0.4438 0.0007 -381920
1 0.4438 0.0007 1620.51

0 0.4445 0.0007 -381832
1 0.4445 0.0007 1557.6

0 0.4452 0.0007 -381744
1 0.4452 0.0007 1588.13

0 0.4459 0.0007 -381656
1 0.4459 0.0007 1586.34

0 0.4466 0.0007 -381568
1 0.4466 0.0007 1517.95

0 0.4473 0.0007 -381480
1 0.4473 0.0007 1723.74

0 0.448 0.0007 -381396
1 0.448 0.0007 1600.41

0 0.4487 0.0007 -381310
1 0.4487 0.0007 1544.99

0 0.4494 0.0007 -381223
1 0.4494 0.0007 1585.11

0 0.4501 0.0007 -381137
1 0.4501 0.0007 1569.11

0 0.4508 0.0007 -381052
1 0.4508 0.0007 1556.94

0 0.4515 0.0007 -380967
1 0.4515 0.0007 1599.14

0 0.4522 0.0007 -380882
1 0.4522 0.0007 1592.89

0 0.4529 0.0007 -380797
1 0.4529 0.0007 1580.37

0 0.4536 0.0007 -380712
1 0.4536 0.0007 1560.54

0 0.4543 0.0007 -380627
1 0.4543 0.0007 1568.08

0 0.455 0.0007 -380543
1 0.455 0.0007 1597.65

0 0.4557 0.0007 -380460
1 0.4557 0.0007 1584.28

0 0.4564 0.0007 -380374
1 0.4564 0.0007 1585.46

0 0.4571 0.0007 -380291
1 0.4571 0.0007 1663.74

0 0.4578 0.0007 -380210
1 0.4578 0.0007 1657.6

0 0.4585 0.0007 -380129
1 0.4585 0.0007 1480.61

0 0.4592 0.0007 -380045
1 0.4592 0.0007 1489.68

0 0.4599 0.0007 -379958
1 0.4599 0.0007 1500.43

0 0.4606 0.0007 -379871
1 0.4606 0.0007 1673.19

0 0.4613 0.0007 -379789
1 0.4613 0.0007 1649.51

0 0.462 0.0007 -379706
1 0.462 0.0007 1544.87

0 0.4627 0.0007 -379621
1 0.4627 0.0007 1571.58

0 0.4634 0.0007 -379537
1 0.4634 0.0007 1605.64

0 0.4641 0.0007 -379454
1 0.4641 0.0007 1582.43

0 0.4648 0.0007 -379372
1 0.4648 0.0007 1551.07

0 0.4655 0.0007 -379289
1 0.4655 0.0007 1597.24

0 0.4662 0.0007 -379206
1 0.4662 0.0007 1582.43

0 0.4669 0.0007 -379125
1 0.4669 0.0007 1586.28

0 0.4676 0.0007 -379043
1 0.4676 0.0007 1579.95

0 0.4683 0.0007 -378961
1 0.4683 0.0007 1585.28

0 0.469 0.0007 -378880
1 0.469 0.0007 1612.35

0 0.4697 0.0007 -378797
1 0.4697 0.0007 1516.74

0 0.4704 0.0007 -378717
1 0.4704 0.0007 1493.45

0 0.4711 0.0007 -378638
1 0.4711 0.0007 1716.47

0 0.4718 0.0007 -378557
1 0.4718 0.0007 1593.98

0 0.4725 0.0007 -378479
1 0.4725 0.0007 1533.31

0 0.4732 0.0007 -378401
1 0.4732 0.0007 1593.48

0 0.4739 0.0007 -378323
1 0.4739 0.0007 1581.31

0 0.4746 0.0007 -378247
1 0.4746 0.0007 1575.41

0 0.4753 0.0007 -378171
1 0.4753 0.0007 1584.03

0 0.476 0.0007 -378096
1 0.476 0.0007 1573.89

0 0.4767 0.0007 -378023
1 0.4767 0.0007 1586.73

0 0.4774 0.0007 -377949
1 0.4774 0.0007 1568.66

0 0.4781 0.0007 -377877
1 0.4781 0.0007 1558.4

0 0.4788 0.0007 -377805
1 0.4788 0.0007 1612.85

0 0.4795 0.0007 -377735
1 0.4795 0.0007 1535.34

0 0.4802 0.0007 -377665
1 0.4802 0.0007 1517.64

0 0.4809 0.0007 -377595
1 0.4809 0.0007 1595.54

0 0.4816 0.0007 -377525
1 0.4816 0.0007 1736.98

0 0.4823 0.0007 -377456
1 0.4823 0.0007 1683.05

0 0.483 0.0007 -377390
1 0.483 0.0007 1517.34

0 0.4837 0.0007 -377324
1 0.4837 0.0007 1465.5

0 0.4844 0.0007 -377258
1 0.4844 0.0007 1554.64

0 0.4851 0.0007 -377193
1 0.4851 0.0007 1606.11

0 0.4858 0.0007 -377129
1 0.4858 0.0007 1591.79

0 0.4865 0.0007 -377065
1 0.4865 0.0007 1556.84

0 0.4872 0.0007 -377002
1 0.4872 0.0007 1595.87

0 0.4879 0.0007 -376940
1 0.4879 0.0007 1575.86

0 0.4886 0.0007 -376878
1 0.4886 0.0007 1583.11

0 0.4893 0.0007 -376816
1 0.4893 0.0007 1568

0 0.49 0.0007 -376755
1 0.49 0.0007 1598.97

0 0.4907 0.0007 -376694
1 0.4907 0.0007 1608.58

0 0.4914 0.0007 -376634
1 0.4914 0.0007 1559.25

0 0.4921 0.0007 -376574
1 0.4921 0.0007 1582.68

0 0.4928 0.0007 -376515
1 0.4928 0.0007 1577.27

0 0.4935 0.0007 -376455
1 0.4935 0.0007 1518.12

0 0.4942 0.0007 -376395
1 0.4942 0.0007 1490.53

0 0.4949 0.0007 -376336
1 0.4949 0.0007 1658.7

0 0.4956 0.0007 -376278
1 0.4956 0.0007 1569.65

0 0.4963 0.0007 -376219
1 0.4963 0.0007 1587.41

0 0.497 0.0007 -376161
1 0.497 0.0007 1589.39

0 0.4977 0.0007 -376102
1 0.4977 0.0007 1520.56

0 0.4984 0.0007 -376044
1 0.4984 0.0007 1589.34

0 0.4991 0.0007 -375985
1 0.4991 0.0007 1583.12

0 0.4998 0.0007 -375926
1 0.4998 0.0007 1577.5

0 0.5005 0.0007 -375867
1 0.5005 0.0007 1560.33

0 0.5012 0.0007 -375808
1 0.5012 0.0007 1571.38

0 0.5019 0.0007 -375750
1 0.5019 0.0007 1594.92

0 0.5026 0.0007 -375692
1 0.5026 0.0007 1573.82

0 0.5033 0.0007 -375632
1 0.5033 0.0007 1574.33

0 0.504 0.0007 -375573
1 0.504 0.0007 1641.57

0 0.5047 0.0007 -375517
1 0.5047 0.0007 1671.75

0 0.5054 0.0007 -375461
1 0.5054 0.0007 1500.53

0 0.5061 0.0007 -375402
1 0.5061 0.0007 1479.9

0 0.5068 0.0007 -375339
1 0.5068 0.0007 1488.01

0 0.5075 0.0007 -375276
1 0.5075 0.0007 1659.07

0 0.5082 0.0007 -375218
1 0.5082 0.0007 1669.63

0 0.5089 0.0007 -375159
1 0.5089 0.0007 1545.79

0 0.5096 0.0007 -375097
1 0.5096 0.0007 1533.56

0 0.5103 0.0007 -375037
1 0.5103 0.0007 1602.78

0 0.511 0.0007 -374978
1 0.511 0.0007 1595.65

0 0.5117 0.0007 -374918
1 0.5117 0.0007 1543.88

0 0.5124 0.0007 -374859
1 0.5124 0.0007 1577.09

0 0.5131 0.0007 -374799
1 0.5131 0.0007 1588.56

0 0.5138 0.0007 -374741
1 0.5138 0.0007 1585.9

0 0.5145 0.0007 -374681
1 0.5145 0.0007 1581.57

0 0.5152 0.0007 -374621
1 0.5152 0.0007 1565.92

0 0.5159 0.0007 -374563
1 0.5159 0.0007 1627.02

0 0.5166 0.0007 -374502
1 0.5166 0.0007 1523.38

0 0.5173 0.0007 -374443
1 0.5173 0.0007 1492.47

0 0.518 0.0007 -374386
1 0.518 0.0007 1730.59

0 0.5187 0.0007 -374326
1 0.5187 0.0007 1590.21

0 0.5194 0.0007 -374270
1 0.5194 0.0007 1522.5

0 0.5201 0.0007 -374214
1 0.5201 0.0007 1584.14

0 0.5208 0.0007 -374156
1 0.5208 0.0007 1583.52

0 0.5215 0.0007 -374101
1 0.5215 0.0007 1558.83

0 0.5222 0.0007 -374046
1 0.5222 0.0007 1571.18

0 0.5229 0.0007 -373991
1 0.5229 0.0007 1566.51

0 0.5236 0.0007 -373938
1 0.5236 0.0007 1584.42

0 0.5243 0.0007 -373884
1 0.5243 0.0007 1558.71

0 0.525 0.0007 -373832
1 0.525 0.0007 1558.06

0 0.5257 0.0007 -373779
1 0.5257 0.0007 1602.04

0 0.5264 0.0007 -373729
1 0.5264 0.0007 1555.33

0 0.5271 0.0007 -373679
1 0.5271 0.0007 1499.02

0 0.5278 0.0007 -373628
1 0.5278 0.0007 1570.57

0 0.5285 0.0007 -373577
1 0.5285 0.0007 1696.66

0 0.5292 0.0007 -373527
1 0.5292 0.0007 1701.52

0 0.5299 0.0007 -373480
1 0.5299 0.0007 1538.48

0 0.5306 0.0007 -373433
1 0.5306 0.0007 1476.55

0 0.5313 0.0007 -373386
1 0.5313 0.0007 1533.38

0 0.532 0.0007 -373340
1 0.532 0.0007 1595.55

0 0.5327 0.0007 -373294
1 0.5327 0.0007 1592.49

0 0.5334 0.0007 -373249
1 0.5334 0.0007 1560.17

0 0.5341 0.0007 -373204
1 0.5341 0.0007 1583.47

0 0.5348 0.0007 -373159
1 0.5348 0.0007 1568.96

0 0.5355 0.0007 -373115
1 0.5355 0.0007 1589.89

0 0.5362 0.0007 -373072
1 0.5362 0.0007 1568.39

0 0.5369 0.0007 -373028
1 0.5369 0.0007 1591.47

0 0.5376 0.0007 -372985
1 0.5376 0.0007 1619.39

0 0.5383 0.0007 -372943
1 0.5383 0.0007 1554.72

0 0.539 0.0007 -372900
1 0.539 0.0007 1562.37

0 0.5397 0.0007 -372858
1 0.5397 0.0007 1592.73

0 0.5404 0.0007 -372816
1 0.5404 0.0007 1517.35

0 0.5411 0.0007 -372773
1 0.5411 0.0007 1483.24

0 0.5418 0.0007 -372730
1 0.5418 0.0007 1680.37

0 0.5425 0.0007 -372690
1 0.5425 0.0007 1585.06

0 0.5432 0.0007 -372647
1 0.5432 0.0007 1572.77

0 0.5439 0.0007 -372605
1 0.5439 0.0007 1581.02

0 0.5446 0.0007 -372563
1 0.5446 0.0007 1535.04

0 0.5453 0.0007 -372522
1 0.5453 0.0007 1578.61

0 0.546 0.0007 -372480
1 0.546 0.0007 1582.29

0 0.5467 0.0007 -372437
1 0.5467 0.0007 1577.64

0 0.5474 0.0007 -372394
1 0.5474 0.0007 1563.87

0 0.5481 0.0007 -372352
1 0.5481 0.0007 1546.76

0 0.5488 0.0007 -372309
1 0.5488 0.0007 1586.42

0 0.5495 0.0007 -372268
1 0.5495 0.0007 1554.97

0 0.5502 0.0007 -372224
1 0.5502 0.0007 1572.35

0 0.5509 0.0007 -372180
1 0.5509 0.0007 1619.19

0 0.5516 0.0007 -372139
1 0.5516 0.0007 1677.13

0 0.5523 0.0007 -372099
1 0.5523 0.0007 1535.58

0 0.553 0.0007 -372057
1 0.553 0.0007 1467.6

0 0.5537 0.0007 -372010
1 0.5537 0.0007 1475.16

0 0.5544 0.0007 -371962
1 0.5544 0.0007 1637.35

0 0.5551 0.0007 -371919
1 0.5551 0.0007 1668.38

0 0.5558 0.0007 -371876
1 0.5558 0.0007 1556.82

0 0.5565 0.0007 -371830
1 0.5565 0.0007 1536.07

0 0.5572 0.0007 -371784
1 0.5572 0.0007 1608.15

0 0.5579 0.0007 -371740
1 0.5579 0.0007 1600.6

0 0.5586 0.0007 -371694
1 0.5586 0.0007 1544.53

0 0.5593 0.0007 -371650
1 0.5593 0.0007 1562.37

0 0.56 0.0007 -371605
1 0.56 0.0007 1573.76

0 0.5607 0.0007 -371561
1 0.5607 0.0007 1582.34

0 0.5614 0.0007 -371516
1 0.5614 0.0007 1594.09

0 0.5621 0.0007 -371470
1 0.5621 0.0007 1568.54

0 0.5628 0.0007 -371426
1 0.5628 0.0007 1609.48

0 0.5635 0.0007 -371380
1 0.5635 0.0007 1537.25

0 0.5642 0.0007 -371335
1 0.5642 0.0007 1474.55

0 0.5649 0.0007 -371292
1 0.5649 0.0007 1734.54

0 0.5656 0.0007 -371245
1 0.5656 0.0007 1603.5

0 0.5663 0.0007 -371202
1 0.5663 0.0007 1517.33

0 0.567 0.0007 -371160
1 0.567 0.0007 1565.35

0 0.5677 0.0007 -371116
1 0.5677 0.0007 1588.26

0 0.5684 0.0007 -371075
1 0.5684 0.0007 1569.59

0 0.5691 0.0007 -371033
1 0.5691 0.0007 1572.57

0 0.5698 0.0007 -370992
1 0.5698 0.0007 1574.53

0 0.5705 0.0007 -370952
1 0.5705 0.0007 1573.17

0 0.5712 0.0007 -370912
1 0.5712 0.0007 1562.01

0 0.5719 0.0007 -370873
1 0.5719 0.0007 1546.11

0 0.5726 0.0007 -370833
1 0.5726 0.0007 1594.77

0 0.5733 0.0007 -370795
1 0.5733 0.0007 1562.24

0 0.574 0.0007 -370758
1 0.574 0.0007 1501.63

0 0.5747 0.0007 -370721
1 0.5747 0.0007 1554.86

0 0.5754 0.0007 -370683
1 0.5754 0.0007 1664.92

0 0.5761 0.0007 -370645
1 0.5761 0.0007 1709.51

0 0.5768 0.0007 -370610
1 0.5768 0.0007 1566.71

0 0.5775 0.0007 -370576
1 0.5775 0.0007 1462.4

0 0.5782 0.0007 -370542
1 0.5782 0.0007 1519.41

0 0.5789 0.0007 -370508
1 0.5789 0.0007 1582.48

0 0.5796 0.0007 -370475
1 0.5796 0.0007 1603.59

0 0.5803 0.0007 -370442
1 0.5803 0.0007 1554.75

0 0.581 0.0007 -370409
1 0.581 0.0007 1570.58

0 0.5817 0.0007 -370376
1 0.5817 0.0007 1580.99

0 0.5824 0.0007 -370345
1 0.5824 0.0007 1582.83

0 0.5831 0.0007 -370313
1 0.5831 0.0007 1572.63

0 0.5838 0.0007 -370281
1 0.5838 0.0007 1582.07

0 0.5845 0.0007 -370250
1 0.5845 0.0007 1614.05

0 0.5852 0.0007 -370220
1 0.5852 0.0007 1556.6

0 0.5859 0.0007 -370189
1 0.5859 0.0007 1547.45

0 0.5866 0.0007 -370159
1 0.5866 0.0007 1607.85

0 0.5873 0.0007 -370128
1 0.5873 0.0007 1515.32

0 0.588 0.0007 -370096
1 0.588 0.0007 1487.27

0 0.5887 0.0007 -370065
1 0.5887 0.0007 1701.58

0 0.5894 0.0007 -370037
1 0.5894 0.0007 1574.16

0 0.5901 0.0007 -370006
1 0.5901 0.0007 1562.57

0 0.5908 0.0007 -369975
1 0.5908 0.0007 1582.61

0 0.5915 0.0007 -369944
1 0.5915 0.0007 1541.1

0 0.5922 0.0007 -369914
1 0.5922 0.0007 1561.15

0 0.5929 0.0007 -369883
1 0.5929 0.0007 1590.72

0 0.5936 0.0007 -369851
1 0.5936 0.0007 1580.61

0 0.5943 0.0007 -369819
1 0.5943 0.0007 1566.41

0 0.595 0.0007 -369787
1 0.595 0.0007 1542.02

0 0.5957 0.0007 -369756
1 0.5957 0.0007 1605.41

0 0.5964 0.0007 -369725
1 0.5964 0.0007 1556.82

0 0.5971 0.0007 -369693
1 0.5971 0.0007 1556.36

0 0.5978 0.0007 -369659
1 0.5978 0.0007 1604.19

0 0.5985 0.0007 -369629
1 0.5985 0.0007 1680.96

0 0.5992 0.0007 -369599
1 0.5992 0.0007 1538.47

0 0.5999 0.0007 -369567
1 0.5999 0.0007 1457.01

0 0.6006 0.0007 -369532
1 0.6006 0.0007 1482.02

0 0.6013 0.0007 -369494
1 0.6013 0.0007 1618.3

0 0.602 0.0007 -369460
1 0.602 0.0007 1681.21

0 0.6027 0.0007 -369427
1 0.6027 0.0007 1569.66

0 0.6034 0.0007 -369391
1 0.6034 0.0007 1517.91

0 0.6041 0.0007 -369355
1 0.6041 0.0007 1587.41

0 0.6048 0.0007 -369321
1 0.6048 0.0007 1583.89

0 0.6055 0.0007 -369285
1 0.6055 0.0007 1558.91

0 0.6062 0.0007 -369251
1 0.6062 0.0007 1546.67

0 0.6069 0.0007 -369215
1 0.6069 0.0007 1577.46

0 0.6076 0.0007 -369180
1 0.6076 0.0007 1590.36

0 0.6083 0.0007 -369145
1 0.6083 0.0007 1591.61

0 0.609 0.0007 -369108
1 0.609 0.0007 1542.47

0 0.6097 0.0007 -369074
1 0.6097 0.0007 1592.95

0 0.6104 0.0007 -369038
1 0.6104 0.0007 1548.21

0 0.6111 0.0007 -369001
1 0.6111 0.0007 1491.05

0 0.6118 0.0007 -368967
1 0.6118 0.0007 1741.17

0 0.6125 0.0007 -368929
1 0.6125 0.0007 1604.25

0 0.6132 0.0007 -368895
1 0.6132 0.0007 1501.99

0 0.6139 0.0007 -368862
1 0.6139 0.0007 1560.13

0 0.6146 0.0007 -368826
1 0.6146 0.0007 1576.89

0 0.6153 0.0007 -368793
1 0.6153 0.0007 1577.92

0 0.616 0.0007 -368760
1 0.616 0.0007 1573.67

0 0.6167 0.0007 -368727
1 0.6167 0.0007 1561.13

0 0.6174 0.0007 -368695
1 0.6174 0.0007 1591.92

0 0.6181 0.0007 -368663
1 0.6181 0.0007 1550.62

0 0.6188 0.0007 -368632
1 0.6188 0.0007 1543.99

0 0.6195 0.0007 -368601
1 0.6195 0.0007 1582.37

0 0.6202 0.0007 -368570
1 0.6202 0.0007 1582.08

0 0.6209 0.0007 -368542
1 0.6209 0.0007 1502.78

0 0.6216 0.0007 -368512
1 0.6216 0.0007 1548.03

0 0.6223 0.0007 -368482
1 0.6223 0.0007 1635.25

0 0.623 0.0007 -368452
1 0.623 0.0007 1703.92

0 0.6237 0.0007 -368424
1 0.6237 0.0007 1576.79

0 0.6244 0.0007 -368397
1 0.6244 0.0007 1477.71

0 0.6251 0.0007 -368370
1 0.6251 0.0007 1495.2

0 0.6258 0.0007 -368344
1 0.6258 0.0007 1580.04

0 0.6265 0.0007 -368318
1 0.6265 0.0007 1609.16

0 0.6272 0.0007 -368292
1 0.6272 0.0007 1566.04

0 0.6279 0.0007 -368266
1 0.6279 0.0007 1563.92

0 0.6286 0.0007 -368241
1 0.6286 0.0007 1567.75

0 0.6293 0.0007 -368216
1 0.6293 0.0007 1570.22

0 0.63 0.0007 -368191
1 0.63 0.0007 1578.69

0 0.6307 0.0007 -368166
1 0.6307 0.0007 1583.34

0 0.6314 0.0007 -368141
1 0.6314 0.0007 1616.78

0 0.6321 0.0007 -368117
1 0.6321 0.0007 1564.57

0 0.6328 0.0007 -368093
1 0.6328 0.0007 1546.19

0 0.6335 0.0007 -368069
1 0.6335 0.0007 1614.74

0 0.6342 0.0007 -368045
1 0.6342 0.0007 1533.36

0 0.6349 0.0007 -368020
1 0.6349 0.0007 1489.92

0 0.6356 0.0007 -367995
1 0.6356 0.0007 1680.2

0 0.6363 0.0007 -367972
1 0.6363 0.0007 1582.51

0 0.637 0.0007 -367947
1 0.637 0.0007 1531.23

0 0.6377 0.0007 -367922
1 0.6377 0.0007 1589.46

0 0.6384 0.0007 -367897
1 0.6384 0.0007 1560.44

0 0.6391 0.0007 -367872
1 0.6391 0.0007 1546.52

0 0.6398 0.0007 -367847
1 0.6398 0.0007 1599.77

0 0.6405 0.0007 -367821
1 0.6405 0.0007 1557.86

0 0.6412 0.0007 -367795
1 0.6412 0.0007 1564.85

0 0.6419 0.0007 -367768
1 0.6419 0.0007 1541.66

0 0.6426 0.0007 -367742
1 0.6426 0.0007 1579.16

0 0.6433 0.0007 -367716
1 0.6433 0.0007 1561.84

0 0.644 0.0007 -367689
1 0.644 0.0007 1562.72

0 0.6447 0.0007 -367660
1 0.6447 0.0007 1597.7

0 0.6454 0.0007 -367634
1 0.6454 0.0007 1687.14

0 0.6461 0.0007 -367609
1 0.6461 0.0007 1567.59

0 0.6468 0.0007 -367583
1 0.6468 0.0007 1470.06

0 0.6475 0.0007 -367552
1 0.6475 0.0007 1483.84

0 0.6482 0.0007 -367519
1 0.6482 0.0007 1567.23

0 0.6489 0.0007 -367489
1 0.6489 0.0007 1664.39

0 0.6496 0.0007 -367461
1 0.6496 0.0007 1588.44

0 0.6503 0.0007 -367430
1 0.6503 0.0007 1535.45

0 0.651 0.0007 -367398
1 0.651 0.0007 1582.66

0 0.6517 0.0007 -367368
1 0.6517 0.0007 1591.58

0 0.6524 0.0007 -367336
1 0.6524 0.0007 1548.45

0 0.6531 0.0007 -367306
1 0.6531 0.0007 1549.37

0 0.6538 0.0007 -367274
1 0.6538 0.0007 1576.79

0 0.6545 0.0007 -367243
1 0.6545 0.0007 1572.49

0 0.6552 0.0007 -367212
1 0.6552 0.0007 1575.47

0 0.6559 0.0007 -367179
1 0.6559 0.0007 1558.89

0 0.6566 0.0007 -367148
1 0.6566 0.0007 1580.47

0 0.6573 0.0007 -367116
1 0.6573 0.0007 1571.67

0 0.658 0.0007 -367083
1 0.658 0.0007 1493.42

0 0.6587 0.0007 -367052
1 0.6587 0.0007 1487.45

0 0.6594 0.0007 -367021
1 0.6594 0.0007 1682.03

0 0.6601 0.0007 -366988
1 0.6601 0.0007 1560.46

0 0.6608 0.0007 -366958
1 0.6608 0.0007 1557.91

0 0.6615 0.0007 -366926
1 0.6615 0.0007 1581.93

0 0.6622 0.0007 -366896
1 0.6622 0.0007 1555.63

0 0.6629 0.0007 -366867
1 0.6629 0.0007 1560.07

0 0.6636 0.0007 -366836
1 0.6636 0.0007 1564.56

0 0.6643 0.0007 -366807
1 0.6643 0.0007 1596.25

0 0.665 0.0007 -366778
1 0.665 0.0007 1556.24

0 0.6657 0.0007 -366751
1 0.6657 0.0007 1547.31

0 0.6664 0.0007 -366722
1 0.6664 0.0007 1572.6

0 0.6671 0.0007 -366694
1 0.6671 0.0007 1593.5

0 0.6678 0.0007 -366668
1 0.6678 0.0007 1496.76

0 0.6685 0.0007 -366641
1 0.6685 0.0007 1518.89

0 0.6692 0.0007 -366614
1 0.6692 0.0007 1620.57

0 0.6699 0.0007 -366586
1 0.6699 0.0007 1725.08

0 0.6706 0.0007 -366560
1 0.6706 0.0007 1609.49

0 0.6713 0.0007 -366536
1 0.6713 0.0007 1485.42

0 0.672 0.0007 -366512
1 0.672 0.0007 1489.29

0 0.6727 0.0007 -366487
1 0.6727 0.0007 1567.87

0 0.6734 0.0007 -366463
1 0.6734 0.0007 1616.28

0 0.6741 0.0007 -366440
1 0.6741 0.0007 1564.84

0 0.6748 0.0007 -366416
1 0.6748 0.0007 1531.69

0 0.6755 0.0007 -366392
1 0.6755 0.0007 1574.4

0 0.6762 0.0007 -366369
1 0.6762 0.0007 1566.67

0 0.6769 0.0007 -366346
1 0.6769 0.0007 1566.2

0 0.6776 0.0007 -366323
1 0.6776 0.0007 1578.06

0 0.6783 0.0007 -366300
1 0.6783 0.0007 1607.6

0 0.679 0.0007 -366278
1 0.679 0.0007 1587.16

0 0.6797 0.0007 -366256
1 0.6797 0.0007 1553.89

0 0.6804 0.0007 -366234
1 0.6804 0.0007 1587.49

0 0.6811 0.0007 -366211
1 0.6811 0.0007 1538.23

0 0.6818 0.0007 -366187
1 0.6818 0.0007 1470.84

0 0.6825 0.0007 -366164
1 0.6825 0.0007 1696.14

0 0.6832 0.0007 -366143
1 0.6832 0.0007 1598.66

0 0.6839 0.0007 -366120
1 0.6839 0.0007 1523.97

0 0.6846 0.0007 -366096
1 0.6846 0.0007 1585.5

0 0.6853 0.0007 -366072
1 0.6853 0.0007 1561.73

0 0.686 0.0007 -366049
1 0.686 0.0007 1548.33

0 0.6867 0.0007 -366025
1 0.6867 0.0007 1597.22

0 0.6874 0.0007 -366001
1 0.6874 0.0007 1559.44

0 0.6881 0.0007 -365976
1 0.6881 0.0007 1557.24

0 0.6888 0.0007 -365950
1 0.6888 0.0007 1536.9

0 0.6895 0.0007 -365925
1 0.6895 0.0007 1577.14

0 0.6902 0.0007 -365900
1 0.6902 0.0007 1579.51

0 0.6909 0.0007 -365875
1 0.6909 0.0007 1565.16

0 0.6916 0.0007 -365847
1 0.6916 0.0007 1587.82

0 0.6923 0.0007 -365821
1 0.6923 0.0007 1675.03

0 0.693 0.0007 -365798
1 0.693 0.0007 1600.22

0 0.6937 0.0007 -365772
1 0.6937 0.0007 1446.91

0 0.6944 0.0007 -365743
1 0.6944 0.0007 1470.03

0 0.6951 0.0007 -365711
1 0.6951 0.0007 1539.8

0 0.6958 0.0007 -365682
1 0.6958 0.0007 1676.61

0 0.6965 0.0007 -365654
1 0.6965 0.0007 1601.39

0 0.6972 0.0007 -365625
1 0.6972 0.0007 1531.91

0 0.6979 0.0007 -365594
1 0.6979 0.0007 1571.09

0 0.6986 0.0007 -365564
1 0.6986 0.0007 1595.64

0 0.6993 0.0007 -365533
1 0.6993 0.0007 1551.4

0 0.7 0.0007 -365504
1 0.7 0.0007 1551.47

0 0.7007 0.0007 -365473
1 0.7007 0.0007 1570.96

0 0.7014 0.0007 -365442
1 0.7014 0.0007 1570.82

0 0.7021 0.0007 -365412
1 0.7021 0.0007 1578.46

0 0.7028 0.0007 -365379
1 0.7028 0.0007 1550.49

0 0.7035 0.0007 -365349
1 0.7035 0.0007 1578.56

0 0.7042 0.0007 -365318
1 0.7042 0.0007 1581.1

0 0.7049 0.0007 -365284
1 0.7049 0.0007 1483.76

0 0.7056 0.0007 -365254
1 0.7056 0.0007 1482.25

0 0.7063 0.0007 -365223
1 0.7063 0.0007 1707.68

0 0.707 0.0007 -365191
1 0.707 0.0007 1571.8

0 0.7077 0.0007 -365161
1 0.7077 0.0007 1541.93

0 0.7084 0.0007 -365130
1 0.7084 0.0007 1561.37

0 0.7091 0.0007 -365099
1 0.7091 0.0007 1543.19

0 0.7098 0.0007 -365070
1 0.7098 0.0007 1576.59

0 0.7105 0.0007 -365040
1 0.7105 0.0007 1564.05

0 0.7112 0.0007 -365012
1 0.7112 0.0007 1583.16

0 0.7119 0.0007 -364983
1 0.7119 0.0007 1563.81

0 0.7126 0.0007 -364955
1 0.7126 0.0007 1537.34

0 0.7133 0.0007 -364927
1 0.7133 0.0007 1552.88

0 0.714 0.0007 -364899
1 0.714 0.0007 1595.88

0 0.7147 0.0007 -364873
1 0.7147 0.0007 1507.14

0 0.7154 0.0007 -364846
1 0.7154 0.0007 1519.38

0 0.7161 0.0007 -364819
1 0.7161 0.0007 1618.83

0 0.7168 0.0007 -364791
1 0.7168 0.0007 1733.37

0 0.7175 0.0007 -364766
1 0.7175 0.0007 1623.98

0 0.7182 0.0007 -364741
1 0.7182 0.0007 1466.58

0 0.7189 0.0007 -364717
1 0.7189 0.0007 1483.15

0 0.7196 0.0007 -364693
1 0.7196 0.0007 1566.94

0 0.7203 0.0007 -364669
1 0.7203 0.0007 1606.11

0 0.721 0.0007 -364645
1 0.721 0.0007 1584.8

0 0.7217 0.0007 -364621
1 0.7217 0.0007 1546.36

0 0.7224 0.0007 -364598
1 0.7224 0.0007 1580.32

0 0.7231 0.0007 -364575
1 0.7231 0.0007 1564.51

0 0.7238 0.0007 -364552
1 0.7238 0.0007 1562.91

0 0.7245 0.0007 -364529
1 0.7245 0.0007 1570.22

0 0.7252 0.0007 -364506
1 0.7252 0.0007 1594.18

0 0.7259 0.0007 -364483
1 0.7259 0.0007 1591.97

0 0.7266 0.0007 -364461
1 0.7266 0.0007 1555.47

0 0.7273 0.0007 -364439
1 0.7273 0.0007 1586.86

0 0.728 0.0007 -364416
1 0.728 0.0007 1555.6

0 0.7287 0.0007 -364392
1 0.7287 0.0007 1488.96

0 0.7294 0.0007 -364369
1 0.7294 0.0007 1705.64

0 0.7301 0.0007 -364348
1 0.7301 0.0007 1582.7

0 0.7308 0.0007 -364325
1 0.7308 0.0007 1525.68

0 0.7315 0.0007 -364301
1 0.7315 0.0007 1579.72

0 0.7322 0.0007 -364277
1 0.7322 0.0007 1557.3

0 0.7329 0.0007 -364253
1 0.7329 0.0007 1535.45

0 0.7336 0.0007 -364229
1 0.7336 0.0007 1590.34

0 0.7343 0.0007 -364205
1 0.7343 0.0007 1572.54

0 0.735 0.0007 -364179
1 0.735 0.0007 1550.81

0 0.7357 0.0007 -364154
1 0.7357 0.0007 1548.4

0 0.7364 0.0007 -364129
1 0.7364 0.0007 1562.23

0 0.7371 0.0007 -364104
1 0.7371 0.0007 1579.93

0 0.7378 0.0007 -364078
1 0.7378 0.0007 1569.94

0 0.7385 0.0007 -364050
1 0.7385 0.0007 1573.04

0 0.7392 0.0007 -364024
1 0.7392 0.0007 1652.02

0 0.7399 0.0007 -364000
1 0.7399 0.0007 1618.64

0 0.7406 0.0007 -363975
1 0.7406 0.0007 1467.83

0 0.7413 0.0007 -363946
1 0.7413 0.0007 1468.41

0 0.742 0.0007 -363914
1 0.742 0.0007 1505.02

0 0.7427 0.0007 -363884
1 0.7427 0.0007 1664.78

0 0.7434 0.0007 -363856
1 0.7434 0.0007 1622.2

0 0.7441 0.0007 -363827
1 0.7441 0.0007 1522.22

0 0.7448 0.0007 -363795
1 0.7448 0.0007 1558.4

0 0.7455 0.0007 -363765
1 0.7455 0.0007 1593.27

0 0.7462 0.0007 -363735
1 0.7462 0.0007 1562.31

0 0.7469 0.0007 -363705
1 0.7469 0.0007 1543.56

0 0.7476 0.0007 -363674
1 0.7476 0.0007 1582.8

0 0.7483 0.0007 -363642
1 0.7483 0.0007 1567.94

0 0.749 0.0007 -363613
1 0.749 0.0007 1588.07

0 0.7497 0.0007 -363580
1 0.7497 0.0007 1557.87

0 0.7504 0.0007 -363549
1 0.7504 0.0007 1567.54

0 0.7511 0.0007 -363518
1 0.7511 0.0007 1587.66

0 0.7518 0.0007 -363484
1 0.7518 0.0007 1493.19

0 0.7525 0.0007 -363453
1 0.7525 0.0007 1473.04

0 0.7532 0.0007 -363422
1 0.7532 0.0007 1699.78

0 0.7539 0.0007 -363389
1 0.7539 0.0007 1570.07

0 0.7546 0.0007 -363359
1 0.7546 0.0007 1523.55

0 0.7553 0.0007 -363328
1 0.7553 0.0007 1580.44

0 0.756 0.0007 -363297
1 0.756 0.0007 1561.8

0 0.7567 0.0007 -363267
1 0.7567 0.0007 1562.9

0 0.7574 0.0007 -363237
1 0.7574 0.0007 1562.63

0 0.7581 0.0007 -363208
1 0.7581 0.0007 1571.13

0 0.7588 0.0007 -363179
1 0.7588 0.0007 1576.39

0 0.7595 0.0007 -363151
1 0.7595 0.0007 1544.1

0 0.7602 0.0007 -363122
1 0.7602 0.0007 1559.05

0 0.7609 0.0007 -363094
1 0.7609 0.0007 1601.6

0 0.7616 0.0007 -363068
1 0.7616 0.0007 1509.89

0 0.7623 0.0007 -363041
1 0.7623 0.0007 1498.48

0 0.763 0.0007 -363013
1 0.763 0.0007 1596.52

0 0.7637 0.0007 -362985
1 0.7637 0.0007 1719.66

0 0.7644 0.0007 -362959
1 0.7644 0.0007 1649.86

0 0.7651 0.0007 -362934
1 0.7651 0.0007 1497.27

0 0.7658 0.0007 -362909
1 0.7658 0.0007 1464.76

0 0.7665 0.0007 -362885
1 0.7665 0.0007 1558.24

0 0.7672 0.0007 -362860
1 0.7672 0.0007 1597.98

0 0.7679 0.0007 -362837
1 0.7679 0.0007 1567.2

0 0.7686 0.0007 -362812
1 0.7686 0.0007 1534.24

0 0.7693 0.0007 -362789
1 0.7693 0.0007 1574.38

0 0.77 0.0007 -362765
1 0.77 0.0007 1565.08

0 0.7707 0.0007 -362742
1 0.7707 0.0007 1571.39

0 0.7714 0.0007 -362719
1 0.7714 0.0007 1566.49

0 0.7721 0.0007 -362695
1 0.7721 0.0007 1589.02

0 0.7728 0.0007 -362672
1 0.7728 0.0007 1608.37

0 0.7735 0.0007 -362650
1 0.7735 0.0007 1531.52

0 0.7742 0.0007 -362627
1 0.7742 0.0007 1576.78

0 0.7749 0.0007 -362604
1 0.7749 0.0007 1575.33

0 0.7756 0.0007 -362580
1 0.7756 0.0007 1505.05

0 0.7763 0.0007 -362557
1 0.7763 0.0007 1702.44

0 0.777 0.0007 -362535
1 0.777 0.0007 1588.97

0 0.7777 0.0007 -362513
1 0.7777 0.0007 1532.67

0 0.7784 0.0007 -362488
1 0.7784 0.0007 1565.75

0 0.7791 0.0007 -362464
1 0.7791 0.0007 1558.93

0 0.7798 0.0007 -362440
1 0.7798 0.0007 1544.85

0 0.7805 0.0007 -362416
1 0.7805 0.0007 1579.89

0 0.7812 0.0007 -362391
1 0.7812 0.0007 1581.6

0 0.7819 0.0007 -362366
1 0.7819 0.0007 1561.29

0 0.7826 0.0007 -362340
1 0.7826 0.0007 1544.23

0 0.7833 0.0007 -362315
1 0.7833 0.0007 1551.24

0 0.784 0.0007 -362289
1 0.784 0.0007 1582.29

0 0.7847 0.0007 -362264
1 0.7847 0.0007 1567.95

0 0.7854 0.0007 -362236
1 0.7854 0.0007 1576.02

0 0.7861 0.0007 -362209
1 0.7861 0.0007 1640.84

0 0.7868 0.0007 -362184
1 0.7868 0.0007 1648.58

0 0.7875 0.0007 -362159
1 0.7875 0.0007 1463.61

0 0.7882 0.0007 -362131
1 0.7882 0.0007 1461.6

0 0.7889 0.0007 -362099
1 0.7889 0.0007 1491.16

0 0.7896 0.0007 -362067
1 0.7896 0.0007 1659.34

0 0.7903 0.0007 -362039
1 0.7903 0.0007 1636.6

0 0.791 0.0007 -362010
1 0.791 0.0007 1533.08

0 0.7917 0.0007 -361978
1 0.7917 0.0007 1552.99

0 0.7924 0.0007 -361947
1 0.7924 0.0007 1589.68

0 0.7931 0.0007 -361917
1 0.7931 0.0007 1567

0 0.7938 0.0007 -361886
1 0.7938 0.0007 1538.21

0 0.7945 0.0007 -361855
1 0.7945 0.0007 1572.71

0 0.7952 0.0007 -361823
1 0.7952 0.0007 1558.64

0 0.7959 0.0007 -361793
1 0.7959 0.0007 1574.36

0 0.7966 0.0007 -361760
1 0.7966 0.0007 1571.9

0 0.7973 0.0007 -361728
1 0.7973 0.0007 1558.97

0 0.798 0.0007 -361697
1 0.798 0.0007 1605.47

0 0.7987 0.0007 -361662
1 0.7987 0.0007 1497.33

0 0.7994 0.0007 -361631
1 0.7994 0.0007 1483.64

0 0.8001 0.0007 -361600
1 0.8001 0.0007 1708.39

0 0.8008 0.0007 -361566
1 0.8008 0.0007 1584.84

0 0.8015 0.0007 -361536
1 0.8015 0.0007 1516.9

0 0.8022 0.0007 -361505
1 0.8022 0.0007 1574.44

0 0.8029 0.0007 -361473
1 0.8029 0.0007 1571.47

0 0.8036 0.0007 -361443
1 0.8036 0.0007 1562.99

0 0.8043 0.0007 -361412
1 0.8043 0.0007 1560.54

0 0.805 0.0007 -361382
1 0.805 0.0007 1551.38

0 0.8057 0.0007 -361353
1 0.8057 0.0007 1574.92

0 0.8064 0.0007 -361324
1 0.8064 0.0007 1554.13

0 0.8071 0.0007 -361296
1 0.8071 0.0007 1544.02

0 0.8078 0.0007 -361267
1 0.8078 0.0007 1590.1

0 0.8085 0.0007 -361239
1 0.8085 0.0007 1530

0 0.8092 0.0007 -361212
1 0.8092 0.0007 1508.52

0 0.8099 0.0007 -361185
1 0.8099 0.0007 1574.86

0 0.8106 0.0007 -361156
1 0.8106 0.0007 1710.14

0 0.8113 0.0007 -361129
1 0.8113 0.0007 1667.89

0 0.812 0.0007 -361103
1 0.812 0.0007 1508.86

0 0.8127 0.0007 -361078
1 0.8127 0.0007 1456.01

0 0.8134 0.0007 -361053
1 0.8134 0.0007 1535.13

0 0.8141 0.0007 -361028
1 0.8141 0.0007 1588.72

0 0.8148 0.0007 -361004
1 0.8148 0.0007 1576.39

0 0.8155 0.0007 -360979
1 0.8155 0.0007 1532.75

0 0.8162 0.0007 -360954
1 0.8162 0.0007 1586.51

0 0.8169 0.0007 -360931
1 0.8169 0.0007 1564.36

0 0.8176 0.0007 -360907
1 0.8176 0.0007 1569.77

0 0.8183 0.0007 -360883
1 0.8183 0.0007 1557.21

0 0.819 0.0007 -360859
1 0.819 0.0007 1581.6

0 0.8197 0.0007 -360835
1 0.8197 0.0007 1600.03

0 0.8204 0.0007 -360812
1 0.8204 0.0007 1547.84

0 0.8211 0.0007 -360789
1 0.8211 0.0007 1562.72

0 0.8218 0.0007 -360766
1 0.8218 0.0007 1569.83

0 0.8225 0.0007 -360742
1 0.8225 0.0007 1509.09

0 0.8232 0.0007 -360717
1 0.8232 0.0007 1468.82

0 0.8239 0.0007 -360693
1 0.8239 0.0007 1651.29

0 0.8246 0.0007 -360670
1 0.8246 0.0007 1559.38

0 0.8253 0.0007 -360645
1 0.8253 0.0007 1576.31

0 0.826 0.0007 -360621
1 0.826 0.0007 1574.46

0 0.8267 0.0007 -360596
1 0.8267 0.0007 1510.33

0 0.8274 0.0007 -360572
1 0.8274 0.0007 1564.5

0 0.8281 0.0007 -360546
1 0.8281 0.0007 1575.73

0 0.8288 0.0007 -360521
1 0.8288 0.0007 1563.06

0 0.8295 0.0007 -360494
1 0.8295 0.0007 1554.19

0 0.8302 0.0007 -360468
1 0.8302 0.0007 1553.07

0 0.8309 0.0007 -360441
1 0.8309 0.0007 1586.9

0 0.8316 0.0007 -360416
1 0.8316 0.0007 1564.58

0 0.8323 0.0007 -360387
1 0.8323 0.0007 1550.72

0 0.833 0.0007 -360359
1 0.833 0.0007 1626.14

0 0.8337 0.0007 -360333
1 0.8337 0.0007 1657.36

0 0.8344 0.0007 -360308
1 0.8344 0.0007 1496.77

0 0.8351 0.0007 -360279
1 0.8351 0.0007 1463.08

0 0.8358 0.0007 -360247
1 0.8358 0.0007 1480.3

0 0.8365 0.0007 -360213
1 0.8365 0.0007 1622.8

0 0.8372 0.0007 -360185
1 0.8372 0.0007 1660.39

0 0.8379 0.0007 -360155
1 0.8379 0.0007 1537.56

0 0.8386 0.0007 -360123
1 0.8386 0.0007 1527.72

0 0.8393 0.0007 -360091
1 0.8393 0.0007 1586.55

0 0.84 0.0007 -360060
1 0.84 0.0007 1589.69

0 0.8407 0.0007 -360029
1 0.8407 0.0007 1531.11

0 0.8414 0.0007 -359997
1 0.8414 0.0007 1561.99

0 0.8421 0.0007 -359964
1 0.8421 0.0007 1564.85

0 0.8428 0.0007 -359933
1 0.8428 0.0007 1574.32

0 0.8435 0.0007 -359900
1 0.8435 0.0007 1572.23

0 0.8442 0.0007 -359867
1 0.8442 0.0007 1558.49

0 0.8449 0.0007 -359836
1 0.8449 0.0007 1612.42

0 0.8456 0.0007 -359801
1 0.8456 0.0007 1516.25

0 0.8463 0.0007 -359768
1 0.8463 0.0007 1465.8

0 0.847 0.0007 -359736
1 0.847 0.0007 1716.38

0 0.8477 0.0007 -359701
1 0.8477 0.0007 1579.87

0 0.8484 0.0007 -359670
1 0.8484 0.0007 1504.84

0 0.8491 0.0007 -359638
1 0.8491 0.0007 1569.53

0 0.8498 0.0007 -359605
1 0.8498 0.0007 1569.07

0 0.8505 0.0007 -359575
1 0.8505 0.0007 1546.44

0 0.8512 0.0007 -359544
1 0.8512 0.0007 1560.14

0 0.8519 0.0007 -359512
1 0.8519 0.0007 1560.84

0 0.8526 0.0007 -359483
1 0.8526 0.0007 1568.73

0 0.8533 0.0007 -359453
1 0.8533 0.0007 1548.88

0 0.854 0.0007 -359424
1 0.854 0.0007 1541.06

0 0.8547 0.0007 -359394
1 0.8547 0.0007 1597.01

0 0.8554 0.0007 -359365
1 0.8554 0.0007 1541.43

0 0.8561 0.0007 -359338
1 0.8561 0.0007 1491.35

0 0.8568 0.0007 -359310
1 0.8568 0.0007 1547.94

0 0.8575 0.0007 -359280
1 0.8575 0.0007 1682.76

0 0.8582 0.0007 -359252
1 0.8582 0.0007 1679.53

0 0.8589 0.0007 -359225
1 0.8589 0.0007 1533.67

0 0.8596 0.0007 -359199
1 0.8596 0.0007 1458.9

0 0.8603 0.0007 -359173
1 0.8603 0.0007 1519.41

0 0.861 0.0007 -359148
1 0.861 0.0007 1583.84

0 0.8617 0.0007 -359122
1 0.8617 0.0007 1588.62

0 0.8624 0.0007 -359097
1 0.8624 0.0007 1546.39

0 0.8631 0.0007 -359072
1 0.8631 0.0007 1573.93

0 0.8638 0.0007 -359047
1 0.8638 0.0007 1551.32

0 0.8645 0.0007 -359022
1 0.8645 0.0007 1577.77

0 0.8652 0.0007 -358998
1 0.8652 0.0007 1564.89

0 0.8659 0.0007 -358973
1 0.8659 0.0007 1570.24

0 0.8666 0.0007 -358948
1 0.8666 0.0007 1604.22

0 0.8673 0.0007 -358925
1 0.8673 0.0007 1549.26

0 0.868 0.0007 -358901
1 0.868 0.0007 1548.14

0 0.8687 0.0007 -358876
1 0.8687 0.0007 1588.52

0 0.8694 0.0007 -358852
1 0.8694 0.0007 1511.45

0 0.8701 0.0007 -358826
1 0.8701 0.0007 1472.75

0 0.8708 0.0007 -358801
1 0.8708 0.0007 1673.27

0 0.8715 0.0007 -358778
1 0.8715 0.0007 1568.77

0 0.8722 0.0007 -358752
1 0.8722 0.0007 1558.59

0 0.8729 0.0007 -358727
1 0.8729 0.0007 1571.15

0 0.8736 0.0007 -358701
1 0.8736 0.0007 1525.49

0 0.8743 0.0007 -358676
1 0.8743 0.0007 1551.73

0 0.875 0.0007 -358650
1 0.875 0.0007 1575.93

0 0.8757 0.0007 -358623
1 0.8757 0.0007 1560.74

0 0.8764 0.0007 -358596
1 0.8764 0.0007 1552.95

0 0.8771 0.0007 -358569
1 0.8771 0.0007 1541.78

0 0.8778 0.0007 -358542
1 0.8778 0.0007 1581.11

0 0.8785 0.0007 -358516
1 0.8785 0.0007 1542.83

0 0.8792 0.0007 -358487
1 0.8792 0.0007 1560.04

0 0.8799 0.0007 -358457
1 0.8799 0.0007 1611.31

0 0.8806 0.0007 -358431
1 0.8806 0.0007 1660.31

0 0.8813 0.0007 -358405
1 0.8813 0.0007 1530.85

0 0.882 0.0007 -358376
1 0.882 0.0007 1459.88

0 0.8827 0.0007 -358344
1 0.8827 0.0007 1459.57

0 0.8834 0.0007 -358310
1 0.8834 0.0007 1614.95

0 0.8841 0.0007 -358280
1 0.8841 0.0007 1665.16

0 0.8848 0.0007 -358250
1 0.8848 0.0007 1549.5

0 0.8855 0.0007 -358217
1 0.8855 0.0007 1528.57

0 0.8862 0.0007 -358184
1 0.8862 0.0007 1591.24

0 0.8869 0.0007 -358153
1 0.8869 0.0007 1581.4

0 0.8876 0.0007 -358120
1 0.8876 0.0007 1538.99

0 0.8883 0.0007 -358088
1 0.8883 0.0007 1548.84

0 0.889 0.0007 -358054
1 0.889 0.0007 1570.27

0 0.8897 0.0007 -358023
1 0.8897 0.0007 1566.74

0 0.8904 0.0007 -357989
1 0.8904 0.0007 1591.25

0 0.8911 0.0007 -357955
1 0.8911 0.0007 1552.02

0 0.8918 0.0007 -357923
1 0.8918 0.0007 1593.25

0 0.8925 0.0007 -357888
1 0.8925 0.0007 1526.01

0 0.8932 0.0007 -357854
1 0.8932 0.0007 1469.24

0 0.8939 0.0007 -357821
1 0.8939 0.0007 1723.19

0 0.8946 0.0007 -357786
1 0.8946 0.0007 1600.61

0 0.8953 0.0007 -357753
1 0.8953 0.0007 1502.99

0 0.896 0.0007 -357722
1 0.896 0.0007 1559.4

0 0.8967 0.0007 -357687
1 0.8967 0.0007 1566.73

0 0.8974 0.0007 -357656
1 0.8974 0.0007 1559.64

0 0.8981 0.0007 -357624
1 0.8981 0.0007 1556.23

0 0.8988 0.0007 -357592
1 0.8988 0.0007 1559.75

0 0.8995 0.0007 -357562
1 0.8995 0.0007 1573.09

0 0.9002 0.0007 -357531
1 0.9002 0.0007 1555.58

0 0.9009 0.0007 -357501
1 0.9009 0.0007 1538.64

0 0.9016 0.0007 -357471
1 0.9016 0.0007 1578.06

0 0.9023 0.0007 -357441
1 0.9023 0.0007 1557.36

0 0.903 0.0007 -357413
1 0.903 0.0007 1492.96

0 0.9037 0.0007 -357384
1 0.9037 0.0007 1547.09

0 0.9044 0.0007 -357354
1 0.9044 0.0007 1640.91

0 0.9051 0.0007 -357325
1 0.9051 0.0007 1702.46

0 0.9058 0.0007 -357297
1 0.9058 0.0007 1556.13

0 0.9065 0.0007 -357270
1 0.9065 0.0007 1459.78

0 0.9072 0.0007 -357244
1 0.9072 0.0007 1496.93

0 0.9079 0.0007 -357218
1 0.9079 0.0007 1580.05

0 0.9086 0.0007 -357191
1 0.9086 0.0007 1593.03

0 0.9093 0.0007 -357165
1 0.9093 0.0007 1547.04

0 0.91 0.0007 -357139
1 0.91 0.0007 1564.91

0 0.9107 0.0007 -357114
1 0.9107 0.0007 1563.54

0 0.9114 0.0007 -357089
1 0.9114 0.0007 1581.58

0 0.9121 0.0007 -357064
1 0.9121 0.0007 1569.3

0 0.9128 0.0007 -357038
1 0.9128 0.0007 1569.85

0 0.9135 0.0007 -357013
1 0.9135 0.0007 1602.28

0 0.9142 0.0007 -356989
1 0.9142 0.0007 1547.78

0 0.9149 0.0007 -356964
1 0.9149 0.0007 1545.39

0 0.9156 0.0007 -356939
1 0.9156 0.0007 1602.52

0 0.9163 0.0007 -356914
1 0.9163 0.0007 1509.21

0 0.917 0.0007 -356888
1 0.917 0.0007 1474.62

0 0.9177 0.0007 -356862
1 0.9177 0.0007 1687.66

0 0.9184 0.0007 -356839
1 0.9184 0.0007 1569.37

0 0.9191 0.0007 -356813
1 0.9191 0.0007 1556.87

0 0.9198 0.0007 -356787
1 0.9198 0.0007 1577.74

0 0.9205 0.0007 -356761
1 0.9205 0.0007 1535.11

0 0.9212 0.0007 -356735
1 0.9212 0.0007 1549.45

0 0.9219 0.0007 -356708
1 0.9219 0.0007 1575.93

0 0.9226 0.0007 -356681
1 0.9226 0.0007 1568.06

0 0.9233 0.0007 -356653
1 0.9233 0.0007 1558.11

0 0.924 0.0007 -356626
1 0.924 0.0007 1539.42

0 0.9247 0.0007 -356598
1 0.9247 0.0007 1581.29

0 0.9254 0.0007 -356571
1 0.9254 0.0007 1560.22

0 0.9261 0.0007 -356543
1 0.9261 0.0007 1546.87

0 0.9268 0.0007 -356513
1 0.9268 0.0007 1594.19

0 0.9275 0.0007 -356485
1 0.9275 0.0007 1665.93

0 0.9282 0.0007 -356459
1 0.9282 0.0007 1541.7

0 0.9289 0.0007 -356431
1 0.9289 0.0007 1452.97

0 0.9296 0.0007 -356398
1 0.9296 0.0007 1470.98

0 0.9303 0.0007 -356364
1 0.9303 0.0007 1595.12

0 0.931 0.0007 -356333
1 0.931 0.0007 1667.86

0 0.9317 0.0007 -356303
1 0.9317 0.0007 1562.69

0 0.9324 0.0007 -356270
1 0.9324 0.0007 1516.3

0 0.9331 0.0007 -356236
1 0.9331 0.0007 1576.24

0 0.9338 0.0007 -356205
1 0.9338 0.0007 1580.78

0 0.9345 0.0007 -356171
1 0.9345 0.0007 1552.75

0 0.9352 0.0007 -356139
1 0.9352 0.0007 1541.8

0 0.9359 0.0007 -356106
1 0.9359 0.0007 1570.09

0 0.9366 0.0007 -356073
1 0.9366 0.0007 1563.04

0 0.9373 0.0007 -356040
1 0.9373 0.0007 1575.7

0 0.938 0.0007 -356005
1 0.938 0.0007 1536.66

0 0.9387 0.0007 -355972
1 0.9387 0.0007 1582.32

0 0.9394 0.0007 -355938
1 0.9394 0.0007 1549.28

0 0.9401 0.0007 -355903
1 0.9401 0.0007 1486.94

0 0.9408 0.0007 -355870
1 0.9408 0.0007 1733.49

0 0.9415 0.0007 -355834
1 0.9415 0.0007 1594.72

0 0.9422 0.0007 -355801
1 0.9422 0.0007 1499.56

0 0.9429 0.0007 -355769
1 0.9429 0.0007 1541.58

0 0.9436 0.0007 -355735
1 0.9436 0.0007 1575.35

0 0.9443 0.0007 -355703
1 0.9443 0.0007 1569.62

0 0.945 0.0007 -355671
1 0.945 0.0007 1563.83

0 0.9457 0.0007 -355639
1 0.9457 0.0007 1549.64

0 0.9464 0.0007 -355608
1 0.9464 0.0007 1577.5

0 0.9471 0.0007 -355577
1 0.9471 0.0007 1551.3

0 0.9478 0.0007 -355547
1 0.9478 0.0007 1523.83

0 0.9485 0.0007 -355516
1 0.9485 0.0007 1570.67

0 0.9492 0.0007 -355486
1 0.9492 0.0007 1581.13

0 0.9499 0.0007 -355458
1 0.9499 0.0007 1494.8

0 0.9506 0.0007 -355429
1 0.9506 0.0007 1532.81

0 0.9513 0.0007 -355399
1 0.9513 0.0007 1630.14

0 0.952 0.0007 -355370
1 0.952 0.0007 1700.71

0 0.9527 0.0007 -355342
1 0.9527 0.0007 1574.93

0 0.9534 0.0007 -355315
1 0.9534 0.0007 1467.77

0 0.9541 0.0007 -355289
1 0.9541 0.0007 1488.64

0 0.9548 0.0007 -355262
1 0.9548 0.0007 1559.96

0 0.9555 0.0007 -355236
1 0.9555 0.0007 1607.94

0 0.9562 0.0007 -355210
1 0.9562 0.0007 1562.19

0 0.9569 0.0007 -355184
1 0.9569 0.0007 1553.22

0 0.9576 0.0007 -355159
1 0.9576 0.0007 1557.55

0 0.9583 0.0007 -355133
1 0.9583 0.0007 1567.86

0 0.959 0.0007 -355108
1 0.959 0.0007 1556.48

0 0.9597 0.0007 -355083
1 0.9597 0.0007 1569.43

0 0.9604 0.0007 -355057
1 0.9604 0.0007 1612.95

0 0.9611 0.0007 -355033
1 0.9611 0.0007 1556.69

0 0.9618 0.0007 -355009
1 0.9618 0.0007 1540.22

0 0.9625 0.0007 -354984
1 0.9625 0.0007 1603.89

0 0.9632 0.0007 -354959
1 0.9632 0.0007 1522.38

0 0.9639 0.0007 -354933
1 0.9639 0.0007 1476.53

0 0.9646 0.0007 -354908
1 0.9646 0.0007 1678.93

0 0.9653 0.0007 -354884
1 0.9653 0.0007 1572.18

0 0.966 0.0007 -354859
1 0.966 0.0007 1521

0 0.9667 0.0007 -354833
1 0.9667 0.0007 1579.61

0 0.9674 0.0007 -354807
1 0.9674 0.0007 1550.31

0 0.9681 0.0007 -354781
1 0.9681 0.0007 1543.94

0 0.9688 0.0007 -354755
1 0.9688 0.0007 1590.01

0 0.9695 0.0007 -354729
1 0.9695 0.0007 1548.88

0 0.9702 0.0007 -354701
1 0.9702 0.0007 1555.88

0 0.9709 0.0007 -354674
1 0.9709 0.0007 1538.99

0 0.9716 0.0007 -354646
1 0.9716 0.0007 1570.3

0 0.9723 0.0007 -354620
1 0.9723 0.0007 1554.9

0 0.973 0.0007 -354592
1 0.973 0.0007 1560.1

0 0.9737 0.0007 -354562
1 0.9737 0.0007 1581.7

0 0.9744 0.0007 -354535
1 0.9744 0.0007 1685.81

0 0.9751 0.0007 -354509
1 0.9751 0.0007 1567.55

0 0.9758 0.0007 -354481
1 0.9758 0.0007 1443.36

0 0.9765 0.0007 -354450
1 0.9765 0.0007 1469.16

0 0.9772 0.0007 -354416
1 0.9772 0.0007 1565.34

0 0.9779 0.0007 -354385
1 0.9779 0.0007 1655.88

0 0.9786 0.0007 -354355
1 0.9786 0.0007 1588.41

0 0.9793 0.0007 -354323
1 0.9793 0.0007 1517.75

0 0.98 0.0007 -354290
1 0.98 0.0007 1575.69

0 0.9807 0.0007 -354259
1 0.9807 0.0007 1579

0 0.9814 0.0007 -354226
1 0.9814 0.0007 1540.59

0 0.9821 0.0007 -354194
1 0.9821 0.0007 1533.54

0 0.9828 0.0007 -354161
1 0.9828 0.0007 1577.62

0 0.9835 0.0007 -354129
1 0.9835 0.0007 1569.98

0 0.9842 0.0007 -354097
1 0.9842 0.0007 1570.08

0 0.9849 0.0007 -354062
1 0.9849 0.0007 1553.53

0 0.9856 0.0007 -354030
1 0.9856 0.0007 1561.61

0 0.9863 0.0007 -353997
1 0.9863 0.0007 1572.91

0 0.987 0.0007 -353962
1 0.987 0.0007 1480.07

0 0.9877 0.0007 -353930
1 0.9877 0.0007 1485.01

0 0.9884 0.0007 -353898
1 0.9884 0.0007 1681.27

0 0.9891 0.0007 -353864
1 0.9891 0.0007 1550.03

0 0.9898 0.0007 -353832
1 0.9898 0.0007 1553.54

0 0.9905 0.0007 -353799
1 0.9905 0.0007 1579.43

0 0.9912 0.0007 -353767
1 0.9912 0.0007 1535.24

0 0.9919 0.0007 -353736
1 0.9919 0.0007 1558.94

0 0.9926 0.0007 -353705
1 0.9926 0.0007 1545.39

0 0.9933 0.0007 -353674
1 0.9933 0.0007 1589.96

0 0.994 0.0007 -353644
1 0.994 0.0007 1557.44

0 0.9947 0.0007 -353615
1 0.9947 0.0007 1544.33

0 0.9954 0.0007 -353585
1 0.9954 0.0007 1561.19

0 0.9961 0.0007 -353556
1 0.9961 0.0007 1588.55

0 0.9968 0.0007 -353529
1 0.9968 0.0007 1485.67

0 0.9975 0.0007 -353501
1 0.9975 0.0007 1515.16

0 0.9982 0.0007 -353472
1 0.9982 0.0007 1617

0 0.9989 0.0007 -353443
1 0.9989 0.0007 1713.2

0 0.9996 0.0007 -353416
1 0.9996 0.0007 1599.34

0 1.0003 0.0007 -353390
1 1.0003 0.0007 1473.17

0 1.001 0.0007 -353364
1 1.001 0.0007 1474.94

0 1.0017 0.0007 -353339
1 1.0017 0.0007 1562.8

0 1.0024 0.0007 -353313
1 1.0024 0.0007 1607.19

0 1.0031 0.0007 -353289
1 1.0031 0.0007 1565.1

0 1.0038 0.0007 -353264
1 1.0038 0.0007 1529.44

0 1.0045 0.0007 -353239
1 1.0045 0.0007 1571.91

0 1.0052 0.0007 -353214
1 1.0052 0.0007 1554.17

0 1.0059 0.0007 -353190
1 1.0059 0.0007 1565.22

0 1.0066 0.0007 -353166
1 1.0066 0.0007 1560.25

0 1.0073 0.0007 -353142
1 1.0073 0.0007 1603.01

0 1.008 0.0007 -353118
1 1.008 0.0007 1577.41

0 1.0087 0.0007 -353095
1 1.0087 0.0007 1548.51

0 1.0094 0.0007 -353071
1 1.0094 0.0007 1580.25

0 1.0101 0.0007 -353048
1 1.0101 0.0007 1533.73

0 1.0108 0.0007 -353023
1 1.0108 0.0007 1469.05

0 1.0115 0.0007 -352998
1 1.0115 0.0007 1694.22

0 1.0122 0.0007 -352976
1 1.0122 0.0007 1565.5

0 1.0129 0.0007 -352952
1 1.0129 0.0007 1523.15

0 1.0136 0.0007 -352927
1 1.0136 0.0007 1583.43

0 1.0143 0.0007 -352903
1 1.0143 0.0007 1543.51

0 1.015 0.0007 -352878
1 1.015 0.0007 1541.3

0 1.0157 0.0007 -352853
1 1.0157 0.0007 1584.24

0 1.0164 0.0007 -352828
1 1.0164 0.0007 1561.57

0 1.0171 0.0007 -352802
1 1.0171 0.0007 1557.29

0 1.0178 0.0007 -352775
1 1.0178 0.0007 1533.53

0 1.0185 0.0007 -352749
1 1.0185 0.0007 1565.74

0 1.0192 0.0007 -352724
1 1.0192 0.0007 1565.71

0 1.0199 0.0007 -352698
1 1.0199 0.0007 1565.35

0 1.0206 0.0007 -352669
1 1.0206 0.0007 1570.56

0 1.0213 0.0007 -352642
1 1.0213 0.0007 1661.66

0 1.022 0.0007 -352618
1 1.022 0.0007 1602.07

0 1.0227 0.0007 -352592
1 1.0227 0.0007 1450.56

0 1.0234 0.0007 -352562
1 1.0234 0.0007 1466.42

0 1.0241 0.0007 -352530
1 1.0241 0.0007 1525.98

0 1.0248 0.0007 -352499
1 1.0248 0.0007 1673.25

0 1.0255 0.0007 -352471
1 1.0255 0.0007 1599.72

0 1.0262 0.0007 -352441
1 1.0262 0.0007 1517.09

0 1.0269 0.0007 -352409
1 1.0269 0.0007 1573.24

0 1.0276 0.0007 -352379
1 1.0276 0.0007 1583.85

0 1.0283 0.0007 -352348
1 1.0283 0.0007 1548.41

0 1.029 0.0007 -352318
1 1.029 0.0007 1543.28

0 1.0297 0.0007 -352287
1 1.0297 0.0007 1570.81

0 1.0304 0.0007 -352255
1 1.0304 0.0007 1561.58

0 1.0311 0.0007 -352225
1 1.0311 0.0007 1569.12

0 1.0318 0.0007 -352192
1 1.0318 0.0007 1544.85

0 1.0325 0.0007 -352161
1 1.0325 0.0007 1572.89

0 1.0332 0.0007 -352130
1 1.0332 0.0007 1581.19

