#Turbine    Time(s)    dt(s)    rotor torque (N-m)
0 0 0.0007 0
1 0 0.0007 647.187

0 0.0007 0.0007 -8.24433
1 0.0007 0.0007 482.841

0 0.0014 0.0007 -17.5861
1 0.0014 0.0007 314.36

0 0.0021 0.0007 -26.0791
1 0.0021 0.0007 227.775

0 0.0028 0.0007 -32.7057
1 0.0028 0.0007 249.434

0 0.0035 0.0007 -42.2392
1 0.0035 0.0007 289.12

0 0.0042 0.0007 -52.9036
1 0.0042 0.0007 294.661

0 0.0049 0.0007 -64.1302
1 0.0049 0.0007 298.716

0 0.0056 0.0007 -79.8576
1 0.0056 0.0007 286.779

0 0.0063 0.0007 -93.7865
1 0.0063 0.0007 309.57

0 0.007 0.0007 -109.109
1 0.007 0.0007 300.26

0 0.0077 0.0007 -125.759
1 0.0077 0.0007 294.211

0 0.0084 0.0007 -142.935
1 0.0084 0.0007 319.411

0 0.0091 0.0007 -160.928
1 0.0091 0.0007 328.212

0 0.0098 0.0007 -176.99
1 0.0098 0.0007 276.106

0 0.0105 0.0007 -197.801
1 0.0105 0.0007 294.407

0 0.0112 0.0007 -222.555
1 0.0112 0.0007 331.932

0 0.0119 0.0007 -241.877
1 0.0119 0.0007 397.19

0 0.0126 0.0007 -248.105
1 0.0126 0.0007 331.018

0 0.0133 0.0007 -259.982
1 0.0133 0.0007 283.556

0 0.014 0.0007 -278.91
1 0.014 0.0007 291.989

0 0.0147 0.0007 -303.495
1 0.0147 0.0007 337.666

0 0.0154 0.0007 -313.716
1 0.0154 0.0007 351.815

0 0.0161 0.0007 -324.113
1 0.0161 0.0007 317.316

0 0.0168 0.0007 -338.755
1 0.0168 0.0007 325.86

0 0.0175 0.0007 -353.232
1 0.0175 0.0007 330.04

0 0.0182 0.0007 -361.832
1 0.0182 0.0007 334.405

0 0.0189 0.0007 -370.236
1 0.0189 0.0007 337.943

0 0.0196 0.0007 -380.126
1 0.0196 0.0007 339.363

0 0.0203 0.0007 -387.08
1 0.0203 0.0007 343.391

0 0.021 0.0007 -390.98
1 0.021 0.0007 340.048

0 0.0217 0.0007 -395.436
1 0.0217 0.0007 329.704

0 0.0224 0.0007 -399.753
1 0.0224 0.0007 359.079

0 0.0231 0.0007 -400.62
1 0.0231 0.0007 325.669

0 0.0238 0.0007 -401.351
1 0.0238 0.0007 301.792

0 0.0245 0.0007 -402.137
1 0.0245 0.0007 390.329

0 0.0252 0.0007 -399.799
1 0.0252 0.0007 343.497

0 0.0259 0.0007 -396.416
1 0.0259 0.0007 321.548

0 0.0266 0.0007 -392.841
1 0.0266 0.0007 355.704

0 0.0273 0.0007 -388.338
1 0.0273 0.0007 335.235

0 0.028 0.0007 -382.624
1 0.028 0.0007 335.749

0 0.0287 0.0007 -375.653
1 0.0287 0.0007 355.494

0 0.0294 0.0007 -368.381
1 0.0294 0.0007 342.349

0 0.0301 0.0007 -360.016
1 0.0301 0.0007 344.045

0 0.0308 0.0007 -348.774
1 0.0308 0.0007 330.988

0 0.0315 0.0007 -339.248
1 0.0315 0.0007 346.709

0 0.0322 0.0007 -331.75
1 0.0322 0.0007 337.763

0 0.0329 0.0007 -322.316
1 0.0329 0.0007 327.815

0 0.0336 0.0007 -305.158
1 0.0336 0.0007 333.649

0 0.0343 0.0007 -290.838
1 0.0343 0.0007 420.377

0 0.035 0.0007 -283.271
1 0.035 0.0007 351.635

0 0.0357 0.0007 -275.993
1 0.0357 0.0007 299.024

0 0.0364 0.0007 -264.633
1 0.0364 0.0007 305.618

0 0.0371 0.0007 -248.872
1 0.0371 0.0007 359.801

0 0.0378 0.0007 -238.451
1 0.0378 0.0007 390.302

0 0.0385 0.0007 -229.466
1 0.0385 0.0007 350.198

0 0.0392 0.0007 -219.332
1 0.0392 0.0007 319.969

0 0.0399 0.0007 -207.825
1 0.0399 0.0007 354.575

0 0.0406 0.0007 -199.322
1 0.0406 0.0007 361.179

0 0.0413 0.0007 -192.354
1 0.0413 0.0007 334.824

0 0.042 0.0007 -184.787
1 0.042 0.0007 329.056

0 0.0427 0.0007 -178.269
1 0.0427 0.0007 342.038

0 0.0434 0.0007 -174.024
1 0.0434 0.0007 345.073

0 0.0441 0.0007 -171.31
1 0.0441 0.0007 346.223

0 0.0448 0.0007 -170.066
1 0.0448 0.0007 333.782

0 0.0455 0.0007 -169.473
1 0.0455 0.0007 342.056

0 0.0462 0.0007 -171.343
1 0.0462 0.0007 332.82

0 0.0469 0.0007 -173.024
1 0.0469 0.0007 285.637

0 0.0476 0.0007 -172.445
1 0.0476 0.0007 283.907

0 0.0483 0.0007 -173.115
1 0.0483 0.0007 365.905

0 0.049 0.0007 -185.498
1 0.049 0.0007 302.349

0 0.0497 0.0007 -192.025
1 0.0497 0.0007 300.067

0 0.0504 0.0007 -200.538
1 0.0504 0.0007 304.326

0 0.0511 0.0007 -210.317
1 0.0511 0.0007 295.982

0 0.0518 0.0007 -219.913
1 0.0518 0.0007 311.282

0 0.0525 0.0007 -233.019
1 0.0525 0.0007 296.447

0 0.0532 0.0007 -245.056
1 0.0532 0.0007 314.706

0 0.0539 0.0007 -257.217
1 0.0539 0.0007 305.219

0 0.0546 0.0007 -271.113
1 0.0546 0.0007 292.896

0 0.0553 0.0007 -285.886
1 0.0553 0.0007 303.39

0 0.056 0.0007 -301.349
1 0.056 0.0007 318.74

0 0.0567 0.0007 -313.781
1 0.0567 0.0007 262.623

0 0.0574 0.0007 -330.139
1 0.0574 0.0007 275.262

0 0.0581 0.0007 -350.946
1 0.0581 0.0007 311.845

0 0.0588 0.0007 -368.396
1 0.0588 0.0007 382.649

0 0.0595 0.0007 -371.076
1 0.0595 0.0007 315.861

0 0.0602 0.0007 -378.898
1 0.0602 0.0007 252.826

0 0.0609 0.0007 -392.929
1 0.0609 0.0007 268.503

0 0.0616 0.0007 -414.433
1 0.0616 0.0007 307.263

0 0.0623 0.0007 -422.294
1 0.0623 0.0007 320.001

0 0.063 0.0007 -429.507
1 0.063 0.0007 302.409

0 0.0637 0.0007 -440.943
1 0.0637 0.0007 289.547

0 0.0644 0.0007 -452.608
1 0.0644 0.0007 304.601

0 0.0651 0.0007 -459.12
1 0.0651 0.0007 303.037

0 0.0658 0.0007 -463.977
1 0.0658 0.0007 304.94

0 0.0665 0.0007 -470.142
1 0.0665 0.0007 304.117

0 0.0672 0.0007 -475.041
1 0.0672 0.0007 318.542

0 0.0679 0.0007 -477.387
1 0.0679 0.0007 316.273

0 0.0686 0.0007 -478.666
1 0.0686 0.0007 296.71

0 0.0693 0.0007 -480.532
1 0.0693 0.0007 313.596

0 0.07 0.0007 -480.097
1 0.07 0.0007 296.576

0 0.0707 0.0007 -479.405
1 0.0707 0.0007 264.372

0 0.0714 0.0007 -479.382
1 0.0714 0.0007 365.566

0 0.0721 0.0007 -474.109
1 0.0721 0.0007 301.953

0 0.0728 0.0007 -468.878
1 0.0728 0.0007 279.848

0 0.0735 0.0007 -462.645
1 0.0735 0.0007 316.321

0 0.0742 0.0007 -457.475
1 0.0742 0.0007 296.569

0 0.0749 0.0007 -450.579
1 0.0749 0.0007 299.494

0 0.0756 0.0007 -441.619
1 0.0756 0.0007 321.833

0 0.0763 0.0007 -432.375
1 0.0763 0.0007 305.902

0 0.077 0.0007 -423.713
1 0.077 0.0007 302.115

0 0.0777 0.0007 -411.886
1 0.0777 0.0007 289.338

0 0.0784 0.0007 -400.298
1 0.0784 0.0007 303.692

0 0.0791 0.0007 -391.198
1 0.0791 0.0007 302.4

0 0.0798 0.0007 -380.792
1 0.0798 0.0007 292.514

0 0.0805 0.0007 -363.322
1 0.0805 0.0007 297.222

0 0.0812 0.0007 -348.208
1 0.0812 0.0007 351.745

0 0.0819 0.0007 -338.952
1 0.0819 0.0007 317.943

0 0.0826 0.0007 -329.769
1 0.0826 0.0007 254.506

0 0.0833 0.0007 -317.103
1 0.0833 0.0007 258.922

0 0.084 0.0007 -300.255
1 0.084 0.0007 289.856

0 0.0847 0.0007 -287.835
1 0.0847 0.0007 354.939

0 0.0854 0.0007 -277.122
1 0.0854 0.0007 305.95

0 0.0861 0.0007 -265.501
1 0.0861 0.0007 272.595

0 0.0868 0.0007 -252.805
1 0.0868 0.0007 308.659

0 0.0875 0.0007 -242.2
1 0.0875 0.0007 306.924

0 0.0882 0.0007 -233.707
1 0.0882 0.0007 294.047

0 0.0889 0.0007 -224.308
1 0.0889 0.0007 285.112

0 0.0896 0.0007 -215.599
1 0.0896 0.0007 304.145

0 0.0903 0.0007 -209.811
1 0.0903 0.0007 293.244

0 0.091 0.0007 -205.808
1 0.091 0.0007 304.469

0 0.0917 0.0007 -202.642
1 0.0917 0.0007 292.691

0 0.0924 0.0007 -200.055
1 0.0924 0.0007 303.534

0 0.0931 0.0007 -199.489
1 0.0931 0.0007 305.787

0 0.0938 0.0007 -200.73
1 0.0938 0.0007 258.037

0 0.0945 0.0007 -199.399
1 0.0945 0.0007 255.564

0 0.0952 0.0007 -198.643
1 0.0952 0.0007 361.892

0 0.0959 0.0007 -209.063
1 0.0959 0.0007 282.735

0 0.0966 0.0007 -214.325
1 0.0966 0.0007 272.462

0 0.0973 0.0007 -220.35
1 0.0973 0.0007 293.362

0 0.098 0.0007 -228.927
1 0.098 0.0007 286.978

0 0.0987 0.0007 -236.361
1 0.0987 0.0007 290.016

0 0.0994 0.0007 -247.848
1 0.0994 0.0007 285.92

0 0.1001 0.0007 -257.657
1 0.1001 0.0007 294.6

0 0.1008 0.0007 -267.503
1 0.1008 0.0007 291.251

0 0.1015 0.0007 -279.099
1 0.1015 0.0007 274.534

0 0.1022 0.0007 -291.501
1 0.1022 0.0007 286.965

0 0.1029 0.0007 -306.274
1 0.1029 0.0007 296.048

0 0.1036 0.0007 -316.677
1 0.1036 0.0007 255.711

0 0.1043 0.0007 -330.677
1 0.1043 0.0007 258.156

0 0.105 0.0007 -348.771
1 0.105 0.0007 290.681

0 0.1057 0.0007 -365.62
1 0.1057 0.0007 362.259

0 0.1064 0.0007 -367.43
1 0.1064 0.0007 311.067

0 0.1071 0.0007 -372.853
1 0.1071 0.0007 240.431

0 0.1078 0.0007 -384.111
1 0.1078 0.0007 246.616

0 0.1085 0.0007 -404.608
1 0.1085 0.0007 286.497

0 0.1092 0.0007 -413.361
1 0.1092 0.0007 295.623

0 0.1099 0.0007 -416.809
1 0.1099 0.0007 288.499

0 0.1106 0.0007 -426.786
1 0.1106 0.0007 269.743

0 0.1113 0.0007 -437.231
1 0.1113 0.0007 290.176

0 0.112 0.0007 -443.8
1 0.112 0.0007 279.896

0 0.1127 0.0007 -446.991
1 0.1127 0.0007 284.045

0 0.1134 0.0007 -451.973
1 0.1134 0.0007 282.085

0 0.1141 0.0007 -456.518
1 0.1141 0.0007 298.916

0 0.1148 0.0007 -457.605
1 0.1148 0.0007 299.671

0 0.1155 0.0007 -459.104
1 0.1155 0.0007 277.291

0 0.1162 0.0007 -460.632
1 0.1162 0.0007 286.8

0 0.1169 0.0007 -460.281
1 0.1169 0.0007 285.259

0 0.1176 0.0007 -458.113
1 0.1176 0.0007 255.28

0 0.1183 0.0007 -457.562
1 0.1183 0.0007 349.172

0 0.119 0.0007 -452.722
1 0.119 0.0007 290.159

0 0.1197 0.0007 -447.576
1 0.1197 0.0007 266.967

0 0.1204 0.0007 -440.842
1 0.1204 0.0007 293.186

0 0.1211 0.0007 -435.192
1 0.1211 0.0007 274.901

0 0.1218 0.0007 -428.653
1 0.1218 0.0007 277.277

0 0.1225 0.0007 -419.685
1 0.1225 0.0007 292.352

0 0.1232 0.0007 -410.461
1 0.1232 0.0007 288.746

0 0.1239 0.0007 -401.7
1 0.1239 0.0007 281.925

0 0.1246 0.0007 -390.379
1 0.1246 0.0007 271.188

0 0.1253 0.0007 -378.664
1 0.1253 0.0007 275.967

0 0.126 0.0007 -369.262
1 0.126 0.0007 287.219

0 0.1267 0.0007 -359.625
1 0.1267 0.0007 278.111

0 0.1274 0.0007 -343.782
1 0.1274 0.0007 274.72

0 0.1281 0.0007 -327.457
1 0.1281 0.0007 321.898

0 0.1288 0.0007 -317.138
1 0.1288 0.0007 305.966

0 0.1295 0.0007 -307.816
1 0.1295 0.0007 234.511

0 0.1302 0.0007 -296.259
1 0.1302 0.0007 240.603

0 0.1309 0.0007 -279.526
1 0.1309 0.0007 253.791

0 0.1316 0.0007 -265.678
1 0.1316 0.0007 328.254

0 0.1323 0.0007 -255.287
1 0.1323 0.0007 298.38

0 0.133 0.0007 -243.868
1 0.133 0.0007 254.16

0 0.1337 0.0007 -230.846
1 0.1337 0.0007 274.681

0 0.1344 0.0007 -219.81
1 0.1344 0.0007 290.817

0 0.1351 0.0007 -210.74
1 0.1351 0.0007 279.226

0 0.1358 0.0007 -201.026
1 0.1358 0.0007 264.241

0 0.1365 0.0007 -192.378
1 0.1365 0.0007 290.645

0 0.1372 0.0007 -185.501
1 0.1372 0.0007 282.153

0 0.1379 0.0007 -181.135
1 0.1379 0.0007 284.482

0 0.1386 0.0007 -177.172
1 0.1386 0.0007 273.888

0 0.1393 0.0007 -173.875
1 0.1393 0.0007 285.655

0 0.14 0.0007 -172.313
1 0.14 0.0007 296.826

0 0.1407 0.0007 -173.14
1 0.1407 0.0007 245.929

0 0.1414 0.0007 -171.319
1 0.1414 0.0007 241.255

0 0.1421 0.0007 -169.373
1 0.1421 0.0007 340.518

0 0.1428 0.0007 -179.279
1 0.1428 0.0007 279.685

0 0.1435 0.0007 -183.384
1 0.1435 0.0007 255.391

0 0.1442 0.0007 -187.263
1 0.1442 0.0007 281.095

0 0.1449 0.0007 -195.066
1 0.1449 0.0007 284.1

0 0.1456 0.0007 -201.358
1 0.1456 0.0007 278.599

0 0.1463 0.0007 -210.883
1 0.1463 0.0007 272.443

0 0.147 0.0007 -219.985
1 0.147 0.0007 271.473

0 0.1477 0.0007 -228.481
1 0.1477 0.0007 280.091

0 0.1484 0.0007 -239.488
1 0.1484 0.0007 263.988

0 0.1491 0.0007 -250.741
1 0.1491 0.0007 269.966

0 0.1498 0.0007 -264.203
1 0.1498 0.0007 290.203

0 0.1505 0.0007 -274.06
1 0.1505 0.0007 245.086

0 0.1512 0.0007 -285.069
1 0.1512 0.0007 246.398

0 0.1519 0.0007 -302.095
1 0.1519 0.0007 273.723

0 0.1526 0.0007 -318.412
1 0.1526 0.0007 348.368

0 0.1533 0.0007 -319.923
1 0.1533 0.0007 307.988

0 0.154 0.0007 -324.413
1 0.154 0.0007 241.285

0 0.1547 0.0007 -333.982
1 0.1547 0.0007 224.918

0 0.1554 0.0007 -351.905
1 0.1554 0.0007 265.221

0 0.1561 0.0007 -363.175
1 0.1561 0.0007 284.185

0 0.1568 0.0007 -365.178
1 0.1568 0.0007 272.538

0 0.1575 0.0007 -373.532
1 0.1575 0.0007 259.725

0 0.1582 0.0007 -383.326
1 0.1582 0.0007 279.895

0 0.1589 0.0007 -389.71
1 0.1589 0.0007 273.88

0 0.1596 0.0007 -392.336
1 0.1596 0.0007 274.661

0 0.1603 0.0007 -397.294
1 0.1603 0.0007 262.988

0 0.161 0.0007 -401.179
1 0.161 0.0007 282.282

0 0.1617 0.0007 -402.689
1 0.1617 0.0007 295.698

0 0.1624 0.0007 -403.259
1 0.1624 0.0007 259.358

0 0.1631 0.0007 -404.407
1 0.1631 0.0007 274.856

0 0.1638 0.0007 -403.767
1 0.1638 0.0007 275.726

0 0.1645 0.0007 -402.131
1 0.1645 0.0007 250.352

0 0.1652 0.0007 -401.19
1 0.1652 0.0007 234.886

0 0.1659 0.0007 -399.965
1 0.1659 0.0007 302.883

0 0.1666 0.0007 -393.943
1 0.1666 0.0007 262.719

0 0.1673 0.0007 -386.977
1 0.1673 0.0007 281.743

0 0.168 0.0007 -382.055
1 0.168 0.0007 271.585

0 0.1687 0.0007 -375.24
1 0.1687 0.0007 250.418

0 0.1694 0.0007 -367.683
1 0.1694 0.0007 281.168

0 0.1701 0.0007 -357.988
1 0.1701 0.0007 278.931

0 0.1708 0.0007 -350.087
1 0.1708 0.0007 272.315

0 0.1715 0.0007 -339.155
1 0.1715 0.0007 261.873

0 0.1722 0.0007 -327.808
1 0.1722 0.0007 262.97

0 0.1729 0.0007 -317.949
1 0.1729 0.0007 278.212

0 0.1736 0.0007 -309.009
1 0.1736 0.0007 265.173

0 0.1743 0.0007 -294.638
1 0.1743 0.0007 267.719

0 0.175 0.0007 -278.178
1 0.175 0.0007 293.029

0 0.1757 0.0007 -267.645
1 0.1757 0.0007 306.566

0 0.1764 0.0007 -258.231
1 0.1764 0.0007 227.582

0 0.1771 0.0007 -248.15
1 0.1771 0.0007 229.822

0 0.1778 0.0007 -231.962
1 0.1778 0.0007 231.282

0 0.1785 0.0007 -217.649
1 0.1785 0.0007 313.807

0 0.1792 0.0007 -207.473
1 0.1792 0.0007 296.639

0 0.1799 0.0007 -196.532
1 0.1799 0.0007 251.338

0 0.1806 0.0007 -184.028
1 0.1806 0.0007 252.554

0 0.1813 0.0007 -172.992
1 0.1813 0.0007 281.049

0 0.182 0.0007 -163.939
1 0.182 0.0007 274.295

0 0.1827 0.0007 -154.652
1 0.1827 0.0007 250.854

0 0.1834 0.0007 -145.939
1 0.1834 0.0007 280.025

0 0.1841 0.0007 -138.964
1 0.1841 0.0007 270.45

0 0.1848 0.0007 -134.341
1 0.1848 0.0007 269.14

0 0.1855 0.0007 -130.36
1 0.1855 0.0007 269.634

0 0.1862 0.0007 -126.619
1 0.1862 0.0007 271.59

0 0.1869 0.0007 -124.456
1 0.1869 0.0007 290.6

0 0.1876 0.0007 -124.932
1 0.1876 0.0007 241.381

0 0.1883 0.0007 -123.281
1 0.1883 0.0007 237.369

0 0.189 0.0007 -121
1 0.189 0.0007 340.148

0 0.1897 0.0007 -130.507
1 0.1897 0.0007 270.363

0 0.1904 0.0007 -134.37
1 0.1904 0.0007 241.17

0 0.1911 0.0007 -137.701
1 0.1911 0.0007 272.662

0 0.1918 0.0007 -144.962
1 0.1918 0.0007 273.305

0 0.1925 0.0007 -150.837
1 0.1925 0.0007 260.071

0 0.1932 0.0007 -159.628
1 0.1932 0.0007 262.789

0 0.1939 0.0007 -168.641
1 0.1939 0.0007 263.687

0 0.1946 0.0007 -176.745
1 0.1946 0.0007 272.537

0 0.1953 0.0007 -187.008
1 0.1953 0.0007 256.597

0 0.196 0.0007 -197.702
1 0.196 0.0007 259.752

0 0.1967 0.0007 -210.472
1 0.1967 0.0007 273.637

0 0.1974 0.0007 -220.865
1 0.1974 0.0007 250.216

0 0.1981 0.0007 -230.986
1 0.1981 0.0007 235.928

0 0.1988 0.0007 -246.566
1 0.1988 0.0007 257.343

0 0.1995 0.0007 -262.588
1 0.1995 0.0007 320.513

0 0.2002 0.0007 -267.315
1 0.2002 0.0007 311.927

0 0.2009 0.0007 -270.565
1 0.2009 0.0007 236.095

0 0.2016 0.0007 -279.104
1 0.2016 0.0007 223.847

0 0.2023 0.0007 -295.527
1 0.2023 0.0007 249.686

0 0.203 0.0007 -308.693
1 0.203 0.0007 277.262

0 0.2037 0.0007 -310.816
1 0.2037 0.0007 267.978

0 0.2044 0.0007 -318.251
1 0.2044 0.0007 253.267

0 0.2051 0.0007 -327.424
1 0.2051 0.0007 272.31

0 0.2058 0.0007 -334.403
1 0.2058 0.0007 262.302

0 0.2065 0.0007 -337.402
1 0.2065 0.0007 271.655

0 0.2072 0.0007 -342.516
1 0.2072 0.0007 262.444

0 0.2079 0.0007 -346.472
1 0.2079 0.0007 274.478

0 0.2086 0.0007 -348.128
1 0.2086 0.0007 279.63

0 0.2093 0.0007 -348.696
1 0.2093 0.0007 255.922

0 0.21 0.0007 -350.235
1 0.21 0.0007 260.213

0 0.2107 0.0007 -350.314
1 0.2107 0.0007 272.687

0 0.2114 0.0007 -348.41
1 0.2114 0.0007 242.614

0 0.2121 0.0007 -347.181
1 0.2121 0.0007 227.586

0 0.2128 0.0007 -346.592
1 0.2128 0.0007 304.217

0 0.2135 0.0007 -341.263
1 0.2135 0.0007 263.596

0 0.2142 0.0007 -334.761
1 0.2142 0.0007 270.113

0 0.2149 0.0007 -329.847
1 0.2149 0.0007 264.769

0 0.2156 0.0007 -323.997
1 0.2156 0.0007 243.98

0 0.2163 0.0007 -317.271
1 0.2163 0.0007 271.784

0 0.217 0.0007 -308.491
1 0.217 0.0007 278.149

0 0.2177 0.0007 -300.754
1 0.2177 0.0007 267.724

0 0.2184 0.0007 -290.928
1 0.2184 0.0007 254.88

0 0.2191 0.0007 -279.992
1 0.2191 0.0007 250.718

0 0.2198 0.0007 -270.578
1 0.2198 0.0007 271.502

0 0.2205 0.0007 -262.438
1 0.2205 0.0007 251.19

0 0.2212 0.0007 -250.078
1 0.2212 0.0007 259.57

0 0.2219 0.0007 -233.723
1 0.2219 0.0007 280.371

0 0.2226 0.0007 -222.968
1 0.2226 0.0007 302.056

0 0.2233 0.0007 -214.078
1 0.2233 0.0007 234.812

0 0.224 0.0007 -204.991
1 0.224 0.0007 218.494

0 0.2247 0.0007 -190.353
1 0.2247 0.0007 220.958

0 0.2254 0.0007 -176.386
1 0.2254 0.0007 299.528

0 0.2261 0.0007 -166.626
1 0.2261 0.0007 295.891

0 0.2268 0.0007 -156.354
1 0.2268 0.0007 247.897

0 0.2275 0.0007 -144.473
1 0.2275 0.0007 243.444

0 0.2282 0.0007 -133.797
1 0.2282 0.0007 275.033

0 0.2289 0.0007 -124.942
1 0.2289 0.0007 270.909

0 0.2296 0.0007 -116.103
1 0.2296 0.0007 249.096

0 0.2303 0.0007 -107.808
1 0.2303 0.0007 259.983

0 0.231 0.0007 -101.292
1 0.231 0.0007 262.708

0 0.2317 0.0007 -96.6179
1 0.2317 0.0007 264.273

0 0.2324 0.0007 -92.6358
1 0.2324 0.0007 268.605

0 0.2331 0.0007 -89.1116
1 0.2331 0.0007 266.368

0 0.2338 0.0007 -86.8088
1 0.2338 0.0007 282.384

0 0.2345 0.0007 -86.6613
1 0.2345 0.0007 241.408

0 0.2352 0.0007 -85.7528
1 0.2352 0.0007 219.977

0 0.2359 0.0007 -84.0105
1 0.2359 0.0007 340.303

0 0.2366 0.0007 -93.254
1 0.2366 0.0007 270.517

0 0.2373 0.0007 -97.1309
1 0.2373 0.0007 234.722

0 0.238 0.0007 -100.107
1 0.238 0.0007 259.198

0 0.2387 0.0007 -107.303
1 0.2387 0.0007 273.439

0 0.2394 0.0007 -112.97
1 0.2394 0.0007 262.971

0 0.2401 0.0007 -121.23
1 0.2401 0.0007 259.775

0 0.2408 0.0007 -130.645
1 0.2408 0.0007 257.062

0 0.2415 0.0007 -138.789
1 0.2415 0.0007 263.606

0 0.2422 0.0007 -148.306
1 0.2422 0.0007 250.986

0 0.2429 0.0007 -158.739
1 0.2429 0.0007 253.104

0 0.2436 0.0007 -171.255
1 0.2436 0.0007 265.447

0 0.2443 0.0007 -181.931
1 0.2443 0.0007 254.851

0 0.245 0.0007 -191.612
1 0.245 0.0007 229.44

0 0.2457 0.0007 -206.265
1 0.2457 0.0007 246.077

0 0.2464 0.0007 -222.19
1 0.2464 0.0007 295.558

0 0.2471 0.0007 -229.204
1 0.2471 0.0007 314.995

0 0.2478 0.0007 -231.365
1 0.2478 0.0007 243.011

0 0.2485 0.0007 -239.404
1 0.2485 0.0007 218.393

0 0.2492 0.0007 -253.84
1 0.2492 0.0007 239.57

0 0.2499 0.0007 -269.513
1 0.2499 0.0007 269.873

0 0.2506 0.0007 -271.543
1 0.2506 0.0007 264.86

0 0.2513 0.0007 -278.05
1 0.2513 0.0007 255.942

0 0.252 0.0007 -287.277
1 0.252 0.0007 260.185

0 0.2527 0.0007 -294.634
1 0.2527 0.0007 259.106

0 0.2534 0.0007 -298.121
1 0.2534 0.0007 260.244

0 0.2541 0.0007 -302.896
1 0.2541 0.0007 257.488

0 0.2548 0.0007 -307.157
1 0.2548 0.0007 269.462

0 0.2555 0.0007 -309.18
1 0.2555 0.0007 274.145

0 0.2562 0.0007 -310.161
1 0.2562 0.0007 258.432

0 0.2569 0.0007 -312.191
1 0.2569 0.0007 247.059

0 0.2576 0.0007 -312.887
1 0.2576 0.0007 275.902

0 0.2583 0.0007 -311.47
1 0.2583 0.0007 244.9

0 0.259 0.0007 -309.818
1 0.259 0.0007 221.615

0 0.2597 0.0007 -309.585
1 0.2597 0.0007 310.352

0 0.2604 0.0007 -304.857
1 0.2604 0.0007 258.441

0 0.2611 0.0007 -299.375
1 0.2611 0.0007 258.062

0 0.2618 0.0007 -294.454
1 0.2618 0.0007 264.722

0 0.2625 0.0007 -289.045
1 0.2625 0.0007 242.943

0 0.2632 0.0007 -282.558
1 0.2632 0.0007 260.303

0 0.2639 0.0007 -274.088
1 0.2639 0.0007 273.86

0 0.2646 0.0007 -266.957
1 0.2646 0.0007 261.469

0 0.2653 0.0007 -257.914
1 0.2653 0.0007 257.613

0 0.266 0.0007 -247.362
1 0.266 0.0007 243.191

0 0.2667 0.0007 -238.454
1 0.2667 0.0007 274.245

0 0.2674 0.0007 -230.624
1 0.2674 0.0007 245.523

0 0.2681 0.0007 -220.017
1 0.2681 0.0007 249.795

0 0.2688 0.0007 -204.487
1 0.2688 0.0007 269.162

0 0.2695 0.0007 -193.429
1 0.2695 0.0007 303.01

0 0.2702 0.0007 -184.831
1 0.2702 0.0007 233.038

0 0.2709 0.0007 -176.645
1 0.2709 0.0007 213.424

0 0.2716 0.0007 -163.449
1 0.2716 0.0007 216.211

0 0.2723 0.0007 -149.858
1 0.2723 0.0007 289.695

0 0.273 0.0007 -140.125
1 0.273 0.0007 297.288

0 0.2737 0.0007 -130.324
1 0.2737 0.0007 248.993

0 0.2744 0.0007 -119.027
1 0.2744 0.0007 232.239

0 0.2751 0.0007 -108.442
1 0.2751 0.0007 266.208

0 0.2758 0.0007 -100.091
1 0.2758 0.0007 264.114

0 0.2765 0.0007 -91.7895
1 0.2765 0.0007 247.481

0 0.2772 0.0007 -83.4593
1 0.2772 0.0007 247.845

0 0.2779 0.0007 -77.0658
1 0.2779 0.0007 262.911

0 0.2786 0.0007 -72.2763
1 0.2786 0.0007 263.289

0 0.2793 0.0007 -68.6443
1 0.2793 0.0007 267.873

0 0.28 0.0007 -65.0767
1 0.28 0.0007 246.386

0 0.2807 0.0007 -62.9294
1 0.2807 0.0007 269.822

0 0.2814 0.0007 -62.4602
1 0.2814 0.0007 249.036

0 0.2821 0.0007 -61.8559
1 0.2821 0.0007 225.068

0 0.2828 0.0007 -60.1546
1 0.2828 0.0007 336.426

0 0.2835 0.0007 -69.247
1 0.2835 0.0007 269.785

0 0.2842 0.0007 -73.2818
1 0.2842 0.0007 224.624

0 0.2849 0.0007 -76.2139
1 0.2849 0.0007 258.831

0 0.2856 0.0007 -83.0193
1 0.2856 0.0007 260.745

0 0.2863 0.0007 -88.878
1 0.2863 0.0007 260.003

0 0.287 0.0007 -95.8553
1 0.287 0.0007 255.902

0 0.2877 0.0007 -105.645
1 0.2877 0.0007 248.706

0 0.2884 0.0007 -113.74
1 0.2884 0.0007 267.214

0 0.2891 0.0007 -123.151
1 0.2891 0.0007 249.941

0 0.2898 0.0007 -132.816
1 0.2898 0.0007 245.453

0 0.2905 0.0007 -144.489
1 0.2905 0.0007 260.147

0 0.2912 0.0007 -155.828
1 0.2912 0.0007 260.37

0 0.2919 0.0007 -164.921
1 0.2919 0.0007 222.152

0 0.2926 0.0007 -178.536
1 0.2926 0.0007 244.646

0 0.2933 0.0007 -194.894
1 0.2933 0.0007 279.323

0 0.294 0.0007 -203.515
1 0.294 0.0007 319.192

0 0.2947 0.0007 -205.435
1 0.2947 0.0007 248.112

0 0.2954 0.0007 -212.431
1 0.2954 0.0007 211.115

0 0.2961 0.0007 -225.164
1 0.2961 0.0007 222.497

0 0.2968 0.0007 -242.088
1 0.2968 0.0007 265.679

0 0.2975 0.0007 -245.048
1 0.2975 0.0007 266.017

0 0.2982 0.0007 -251.1
1 0.2982 0.0007 250.314

0 0.2989 0.0007 -259.742
1 0.2989 0.0007 254.386

0 0.2996 0.0007 -267.987
1 0.2996 0.0007 252.481

0 0.3003 0.0007 -271.598
1 0.3003 0.0007 256.195

0 0.301 0.0007 -275.784
1 0.301 0.0007 260.032

0 0.3017 0.0007 -280.284
1 0.3017 0.0007 260.866

0 0.3024 0.0007 -282.982
1 0.3024 0.0007 271.314

0 0.3031 0.0007 -283.796
1 0.3031 0.0007 255.58

0 0.3038 0.0007 -285.454
1 0.3038 0.0007 244.227

0 0.3045 0.0007 -286.339
1 0.3045 0.0007 279.634

0 0.3052 0.0007 -285.572
1 0.3052 0.0007 240.182

0 0.3059 0.0007 -284.105
1 0.3059 0.0007 222.279

0 0.3066 0.0007 -283.851
1 0.3066 0.0007 304.903

0 0.3073 0.0007 -279.486
1 0.3073 0.0007 255.911

0 0.308 0.0007 -273.974
1 0.308 0.0007 245.368

0 0.3087 0.0007 -269.539
1 0.3087 0.0007 267.287

0 0.3094 0.0007 -264.739
1 0.3094 0.0007 248.813

0 0.3101 0.0007 -258.467
1 0.3101 0.0007 246.6

0 0.3108 0.0007 -250.352
1 0.3108 0.0007 268.466

0 0.3115 0.0007 -243.137
1 0.3115 0.0007 256.129

0 0.3122 0.0007 -235.124
1 0.3122 0.0007 253.147

0 0.3129 0.0007 -224.654
1 0.3129 0.0007 240.75

0 0.3136 0.0007 -215.503
1 0.3136 0.0007 264.544

0 0.3143 0.0007 -207.882
1 0.3143 0.0007 247.804

0 0.315 0.0007 -198.413
1 0.315 0.0007 244.463

0 0.3157 0.0007 -183.505
1 0.3157 0.0007 262.262

0 0.3164 0.0007 -171.889
1 0.3164 0.0007 304.59

0 0.3171 0.0007 -163.292
1 0.3171 0.0007 239.234

0 0.3178 0.0007 -155.722
1 0.3178 0.0007 211.642

0 0.3185 0.0007 -143.568
1 0.3185 0.0007 217.288

0 0.3192 0.0007 -129.875
1 0.3192 0.0007 269.815

0 0.3199 0.0007 -120.11
1 0.3199 0.0007 296.731

0 0.3206 0.0007 -110.809
1 0.3206 0.0007 252.205

0 0.3213 0.0007 -100.163
1 0.3213 0.0007 232.574

0 0.322 0.0007 -89.2407
1 0.322 0.0007 261.042

0 0.3227 0.0007 -80.6669
1 0.3227 0.0007 266.278

0 0.3234 0.0007 -72.9927
1 0.3234 0.0007 242.185

0 0.3241 0.0007 -64.863
1 0.3241 0.0007 246.344

0 0.3248 0.0007 -58.4193
1 0.3248 0.0007 261.144

0 0.3255 0.0007 -53.3305
1 0.3255 0.0007 252.778

0 0.3262 0.0007 -49.925
1 0.3262 0.0007 256.235

0 0.3269 0.0007 -46.802
1 0.3269 0.0007 250.2

0 0.3276 0.0007 -44.5261
1 0.3276 0.0007 265.231

0 0.3283 0.0007 -43.2724
1 0.3283 0.0007 253.849

0 0.329 0.0007 -43.0559
1 0.329 0.0007 229.52

0 0.3297 0.0007 -41.2742
1 0.3297 0.0007 222.412

0 0.3304 0.0007 -40.6604
1 0.3304 0.0007 300.238

0 0.3311 0.0007 -48.5344
1 0.3311 0.0007 245.557

0 0.3318 0.0007 -52.2348
1 0.3318 0.0007 250.015

0 0.3325 0.0007 -58.4294
1 0.3325 0.0007 258.959

0 0.3332 0.0007 -63.711
1 0.3332 0.0007 253.499

0 0.3339 0.0007 -69.7577
1 0.3339 0.0007 256.843

0 0.3346 0.0007 -79.4562
1 0.3346 0.0007 247.284

0 0.3353 0.0007 -87.0873
1 0.3353 0.0007 261.655

0 0.336 0.0007 -95.9097
1 0.336 0.0007 244.206

0 0.3367 0.0007 -105.14
1 0.3367 0.0007 239.803

0 0.3374 0.0007 -115.603
1 0.3374 0.0007 257.253

0 0.3381 0.0007 -127.16
1 0.3381 0.0007 263.243

0 0.3388 0.0007 -135.751
1 0.3388 0.0007 219.799

0 0.3395 0.0007 -147.791
1 0.3395 0.0007 235.1

0 0.3402 0.0007 -163.533
1 0.3402 0.0007 269.882

0 0.3409 0.0007 -173.679
1 0.3409 0.0007 319.053

0 0.3416 0.0007 -174.565
1 0.3416 0.0007 254.968

0 0.3423 0.0007 -180.528
1 0.3423 0.0007 215.732

0 0.343 0.0007 -192.703
1 0.343 0.0007 220.254

0 0.3437 0.0007 -209.7
1 0.3437 0.0007 253.858

0 0.3444 0.0007 -213.602
1 0.3444 0.0007 270.017

0 0.3451 0.0007 -218.948
1 0.3451 0.0007 244.71

0 0.3458 0.0007 -227.405
1 0.3458 0.0007 248.539

0 0.3465 0.0007 -235.604
1 0.3465 0.0007 250.958

0 0.3472 0.0007 -239.522
1 0.3472 0.0007 251.72

0 0.3479 0.0007 -242.855
1 0.3479 0.0007 252.486

0 0.3486 0.0007 -247.209
1 0.3486 0.0007 261.31

0 0.3493 0.0007 -249.677
1 0.3493 0.0007 268.902

0 0.35 0.0007 -250.784
1 0.35 0.0007 259.42

0 0.3507 0.0007 -252.403
1 0.3507 0.0007 241.945

0 0.3514 0.0007 -253.891
1 0.3514 0.0007 262.996

0 0.3521 0.0007 -253.053
1 0.3521 0.0007 240.993

0 0.3528 0.0007 -251.356
1 0.3528 0.0007 217.357

0 0.3535 0.0007 -250.9
1 0.3535 0.0007 308.075

0 0.3542 0.0007 -246.724
1 0.3542 0.0007 258.708

0 0.3549 0.0007 -241.84
1 0.3549 0.0007 231.559

0 0.3556 0.0007 -237.401
1 0.3556 0.0007 264.085

0 0.3563 0.0007 -232.774
1 0.3563 0.0007 247.862

0 0.357 0.0007 -226.888
1 0.357 0.0007 245.43

0 0.3577 0.0007 -219.336
1 0.3577 0.0007 264.288

0 0.3584 0.0007 -212.043
1 0.3584 0.0007 251.076

0 0.3591 0.0007 -204.397
1 0.3591 0.0007 246.528

0 0.3598 0.0007 -194.489
1 0.3598 0.0007 239.063

0 0.3605 0.0007 -185.291
1 0.3605 0.0007 253.642

0 0.3612 0.0007 -177.391
1 0.3612 0.0007 253.217

0 0.3619 0.0007 -168.726
1 0.3619 0.0007 248.124

0 0.3626 0.0007 -154.292
1 0.3626 0.0007 251.753

0 0.3633 0.0007 -142.169
1 0.3633 0.0007 300.33

0 0.364 0.0007 -133.916
1 0.364 0.0007 248.775

0 0.3647 0.0007 -126.352
1 0.3647 0.0007 205.334

0 0.3654 0.0007 -115.642
1 0.3654 0.0007 212.329

0 0.3661 0.0007 -101.639
1 0.3661 0.0007 256.943

0 0.3668 0.0007 -91.3463
1 0.3668 0.0007 294.646

0 0.3675 0.0007 -82.358
1 0.3675 0.0007 255.265

0 0.3682 0.0007 -72.121
1 0.3682 0.0007 229.767

0 0.3689 0.0007 -61.277
1 0.3689 0.0007 258.769

0 0.3696 0.0007 -52.4906
1 0.3696 0.0007 260.507

0 0.3703 0.0007 -44.8239
1 0.3703 0.0007 240

0 0.371 0.0007 -36.5356
1 0.371 0.0007 244.66

0 0.3717 0.0007 -29.8974
1 0.3717 0.0007 256.795

0 0.3724 0.0007 -24.6806
1 0.3724 0.0007 254.743

0 0.3731 0.0007 -20.9196
1 0.3731 0.0007 255.637

0 0.3738 0.0007 -17.8427
1 0.3738 0.0007 249.145

0 0.3745 0.0007 -15.2374
1 0.3745 0.0007 256.955

0 0.3752 0.0007 -13.394
1 0.3752 0.0007 259.21

0 0.3759 0.0007 -13.5969
1 0.3759 0.0007 219.77

0 0.3766 0.0007 -12.0724
1 0.3766 0.0007 227.242

0 0.3773 0.0007 -11.1029
1 0.3773 0.0007 308.775

0 0.378 0.0007 -19.2192
1 0.378 0.0007 247.631

0 0.3787 0.0007 -22.5181
1 0.3787 0.0007 242.918

0 0.3794 0.0007 -27.9095
1 0.3794 0.0007 250.794

0 0.3801 0.0007 -33.8588
1 0.3801 0.0007 241.944

0 0.3808 0.0007 -39.195
1 0.3808 0.0007 259.269

0 0.3815 0.0007 -48.2902
1 0.3815 0.0007 244.628

0 0.3822 0.0007 -55.6832
1 0.3822 0.0007 261.371

0 0.3829 0.0007 -64.0215
1 0.3829 0.0007 245.08

0 0.3836 0.0007 -73.3571
1 0.3836 0.0007 235.872

0 0.3843 0.0007 -83.3239
1 0.3843 0.0007 249.925

0 0.385 0.0007 -94.8427
1 0.385 0.0007 265.067

0 0.3857 0.0007 -102.961
1 0.3857 0.0007 220.929

0 0.3864 0.0007 -114.242
1 0.3864 0.0007 229.118

0 0.3871 0.0007 -129.606
1 0.3871 0.0007 262.981

0 0.3878 0.0007 -141.213
1 0.3878 0.0007 323.742

0 0.3885 0.0007 -142.063
1 0.3885 0.0007 261.35

0 0.3892 0.0007 -147.322
1 0.3892 0.0007 203.912

0 0.3899 0.0007 -157.619
1 0.3899 0.0007 218.64

0 0.3906 0.0007 -174.744
1 0.3906 0.0007 248.906

0 0.3913 0.0007 -180.324
1 0.3913 0.0007 264.4

0 0.392 0.0007 -184.233
1 0.392 0.0007 254.378

0 0.3927 0.0007 -192.466
1 0.3927 0.0007 240.05

0 0.3934 0.0007 -201.19
1 0.3934 0.0007 255.53

0 0.3941 0.0007 -205.571
1 0.3941 0.0007 252.265

0 0.3948 0.0007 -208.569
1 0.3948 0.0007 254.098

0 0.3955 0.0007 -212.678
1 0.3955 0.0007 251.832

0 0.3962 0.0007 -215.96
1 0.3962 0.0007 268.689

0 0.3969 0.0007 -217.06
1 0.3969 0.0007 264.785

0 0.3976 0.0007 -217.876
1 0.3976 0.0007 243.677

0 0.3983 0.0007 -219.518
1 0.3983 0.0007 258.554

0 0.399 0.0007 -218.719
1 0.399 0.0007 243.403

0 0.3997 0.0007 -217.109
1 0.3997 0.0007 219.016

0 0.4004 0.0007 -216.791
1 0.4004 0.0007 310.603

0 0.4011 0.0007 -212.562
1 0.4011 0.0007 251.569

0 0.4018 0.0007 -208.069
1 0.4018 0.0007 230.573

0 0.4025 0.0007 -203.039
1 0.4025 0.0007 263.375

0 0.4032 0.0007 -198.294
1 0.4032 0.0007 245.845

0 0.4039 0.0007 -192.924
1 0.4039 0.0007 242.819

0 0.4046 0.0007 -185.345
1 0.4046 0.0007 264.509

0 0.4053 0.0007 -177.942
1 0.4053 0.0007 251.639

0 0.406 0.0007 -170.345
1 0.406 0.0007 245.426

0 0.4067 0.0007 -160.657
1 0.4067 0.0007 242.535

0 0.4074 0.0007 -151.246
1 0.4074 0.0007 246.729

0 0.4081 0.0007 -143.551
1 0.4081 0.0007 256.611

0 0.4088 0.0007 -135.262
1 0.4088 0.0007 249.443

0 0.4095 0.0007 -121.366
1 0.4095 0.0007 242.553

0 0.4102 0.0007 -108.652
1 0.4102 0.0007 285.253

0 0.4109 0.0007 -100.129
1 0.4109 0.0007 263.486

0 0.4116 0.0007 -92.5871
1 0.4116 0.0007 206.262

0 0.4123 0.0007 -82.7757
1 0.4123 0.0007 210.886

0 0.413 0.0007 -68.3539
1 0.413 0.0007 233.999

0 0.4137 0.0007 -57.7094
1 0.4137 0.0007 299.739

0 0.4144 0.0007 -48.8238
1 0.4144 0.0007 261.887

0 0.4151 0.0007 -38.6736
1 0.4151 0.0007 224.976

0 0.4158 0.0007 -27.9149
1 0.4158 0.0007 246.875

0 0.4165 0.0007 -18.8968
1 0.4165 0.0007 260.76

0 0.4172 0.0007 -11.4379
1 0.4172 0.0007 242.098

0 0.4179 0.0007 -3.27512
1 0.4179 0.0007 243.477

0 0.4186 0.0007 3.88628
1 0.4186 0.0007 257.105

0 0.4193 0.0007 9.4187
1 0.4193 0.0007 250.464

0 0.42 0.0007 13.1428
1 0.42 0.0007 259.788

0 0.4207 0.0007 16.5482
1 0.4207 0.0007 247.519

0 0.4214 0.0007 19.34
1 0.4214 0.0007 256.229

0 0.4221 0.0007 21.2611
1 0.4221 0.0007 261.27

0 0.4228 0.0007 20.9069
1 0.4228 0.0007 220.129

0 0.4235 0.0007 22.5398
1 0.4235 0.0007 219.588

0 0.4242 0.0007 23.8106
1 0.4242 0.0007 313.238

0 0.4249 0.0007 15.7771
1 0.4249 0.0007 244.723

0 0.4256 0.0007 12.4492
1 0.4256 0.0007 236.09

0 0.4263 0.0007 7.92495
1 0.4263 0.0007 254.388

0 0.427 0.0007 1.71786
1 0.427 0.0007 246.782

0 0.4277 0.0007 -3.22685
1 0.4277 0.0007 250.729

0 0.4284 0.0007 -11.8782
1 0.4284 0.0007 246.878

0 0.4291 0.0007 -19.7217
1 0.4291 0.0007 252.008

0 0.4298 0.0007 -27.3469
1 0.4298 0.0007 252.655

0 0.4305 0.0007 -36.2861
1 0.4305 0.0007 234.789

0 0.4312 0.0007 -45.8479
1 0.4312 0.0007 247.006

0 0.4319 0.0007 -58.0076
1 0.4319 0.0007 261.164

0 0.4326 0.0007 -66.2907
1 0.4326 0.0007 222.181

0 0.4333 0.0007 -76.4189
1 0.4333 0.0007 220.799

0 0.434 0.0007 -91.1748
1 0.434 0.0007 261.476

0 0.4347 0.0007 -103.685
1 0.4347 0.0007 317.041

0 0.4354 0.0007 -104.688
1 0.4354 0.0007 275.348

0 0.4361 0.0007 -109.14
1 0.4361 0.0007 209.63

0 0.4368 0.0007 -118.391
1 0.4368 0.0007 211.34

0 0.4375 0.0007 -135.108
1 0.4375 0.0007 244.03

0 0.4382 0.0007 -142.646
1 0.4382 0.0007 260.363

0 0.4389 0.0007 -144.878
1 0.4389 0.0007 244.635

0 0.4396 0.0007 -152.467
1 0.4396 0.0007 238.361

0 0.4403 0.0007 -160.807
1 0.4403 0.0007 255.983

0 0.441 0.0007 -165.899
1 0.441 0.0007 248.411

0 0.4417 0.0007 -168.508
1 0.4417 0.0007 249.886

0 0.4424 0.0007 -172.559
1 0.4424 0.0007 247.169

0 0.4431 0.0007 -175.832
1 0.4431 0.0007 262.902

0 0.4438 0.0007 -176.959
1 0.4438 0.0007 265.123

0 0.4445 0.0007 -178.143
1 0.4445 0.0007 235.153

0 0.4452 0.0007 -179.962
1 0.4452 0.0007 250.293

0 0.4459 0.0007 -179.907
1 0.4459 0.0007 254.359

0 0.4466 0.0007 -177.808
1 0.4466 0.0007 225.856

0 0.4473 0.0007 -177.204
1 0.4473 0.0007 311.582

0 0.448 0.0007 -173.789
1 0.448 0.0007 250.736

0 0.4487 0.0007 -169.444
1 0.4487 0.0007 232.244

0 0.4494 0.0007 -164.438
1 0.4494 0.0007 256.442

0 0.4501 0.0007 -159.714
1 0.4501 0.0007 241.06

0 0.4508 0.0007 -154.292
1 0.4508 0.0007 241.358

0 0.4515 0.0007 -146.997
1 0.4515 0.0007 258.625

0 0.4522 0.0007 -139.37
1 0.4522 0.0007 255.779

0 0.4529 0.0007 -132.148
1 0.4529 0.0007 250.245

0 0.4536 0.0007 -122.772
1 0.4536 0.0007 237.504

0 0.4543 0.0007 -113.408
1 0.4543 0.0007 242.967

0 0.455 0.0007 -105.199
1 0.455 0.0007 256.508

0 0.4557 0.0007 -97.5422
1 0.4557 0.0007 245.785

0 0.4564 0.0007 -84.6992
1 0.4564 0.0007 242.464

0 0.4571 0.0007 -71.2078
1 0.4571 0.0007 277.861

0 0.4578 0.0007 -62.2313
1 0.4578 0.0007 270.855

0 0.4585 0.0007 -54.5926
1 0.4585 0.0007 202.809

0 0.4592 0.0007 -45.9125
1 0.4592 0.0007 212.192

0 0.4599 0.0007 -31.6559
1 0.4599 0.0007 215.251

0 0.4606 0.0007 -19.938
1 0.4606 0.0007 294.135

0 0.4613 0.0007 -11.1028
1 0.4613 0.0007 267.243

0 0.462 0.0007 -1.53184
1 0.462 0.0007 226.358

0 0.4627 0.0007 9.21444
1 0.4627 0.0007 244.592

0 0.4634 0.0007 18.5757
1 0.4634 0.0007 257.41

0 0.4641 0.0007 26.2588
1 0.4641 0.0007 246.896

0 0.4648 0.0007 34.5403
1 0.4648 0.0007 233.63

0 0.4655 0.0007 41.614
1 0.4655 0.0007 258.561

0 0.4662 0.0007 47.562
1 0.4662 0.0007 248.392

0 0.4669 0.0007 51.6291
1 0.4669 0.0007 249.683

0 0.4676 0.0007 55.3287
1 0.4676 0.0007 248.372

0 0.4683 0.0007 58.2157
1 0.4683 0.0007 254.246

0 0.469 0.0007 60.2278
1 0.469 0.0007 262.725

0 0.4697 0.0007 59.9452
1 0.4697 0.0007 222.263

0 0.4704 0.0007 61.6748
1 0.4704 0.0007 216.41

0 0.4711 0.0007 63.3841
1 0.4711 0.0007 311.357

0 0.4718 0.0007 55.026
1 0.4718 0.0007 251.124

0 0.4725 0.0007 51.83
1 0.4725 0.0007 229.051

0 0.4732 0.0007 48.5891
1 0.4732 0.0007 253.519

0 0.4739 0.0007 42.3385
1 0.4739 0.0007 251.382

0 0.4746 0.0007 37.4792
1 0.4746 0.0007 249.46

0 0.4753 0.0007 29.4345
1 0.4753 0.0007 248.652

0 0.476 0.0007 21.6649
1 0.476 0.0007 244.584

0 0.4767 0.0007 14.8165
1 0.4767 0.0007 250.327

0 0.4774 0.0007 6.17881
1 0.4774 0.0007 239.764

0 0.4781 0.0007 -3.2839
1 0.4781 0.0007 237.509

0 0.4788 0.0007 -14.8761
1 0.4788 0.0007 260.961

0 0.4795 0.0007 -23.1383
1 0.4795 0.0007 225.727

0 0.4802 0.0007 -32.3713
1 0.4802 0.0007 223.474

0 0.4809 0.0007 -46.8008
1 0.4809 0.0007 248.411

0 0.4816 0.0007 -59.9845
1 0.4816 0.0007 317.445

0 0.4823 0.0007 -61.5438
1 0.4823 0.0007 281.402

0 0.483 0.0007 -65.4584
1 0.483 0.0007 212.428

0 0.4837 0.0007 -73.8601
1 0.4837 0.0007 202.47

0 0.4844 0.0007 -89.1156
1 0.4844 0.0007 237.956

0 0.4851 0.0007 -99.022
1 0.4851 0.0007 256.966

0 0.4858 0.0007 -100.765
1 0.4858 0.0007 248.794

0 0.4865 0.0007 -107.913
1 0.4865 0.0007 237.076

0 0.4872 0.0007 -116.11
1 0.4872 0.0007 256.179

0 0.4879 0.0007 -121.82
1 0.4879 0.0007 246.305

0 0.4886 0.0007 -124.254
1 0.4886 0.0007 248.521

0 0.4893 0.0007 -128.635
1 0.4893 0.0007 241.278

0 0.49 0.0007 -131.848
1 0.49 0.0007 258.465

0 0.4907 0.0007 -133.16
1 0.4907 0.0007 258.803

0 0.4914 0.0007 -133.914
1 0.4914 0.0007 237.574

0 0.4921 0.0007 -135.339
1 0.4921 0.0007 248.478

0 0.4928 0.0007 -135.143
1 0.4928 0.0007 249.621

0 0.4935 0.0007 -133.772
1 0.4935 0.0007 226.385

0 0.4942 0.0007 -132.728
1 0.4942 0.0007 213.339

0 0.4949 0.0007 -131.806
1 0.4949 0.0007 277.218

0 0.4956 0.0007 -126.955
1 0.4956 0.0007 240.175

0 0.4963 0.0007 -121.156
1 0.4963 0.0007 253.946

0 0.497 0.0007 -117.106
1 0.497 0.0007 249.915

0 0.4977 0.0007 -111.424
1 0.4977 0.0007 222.593

0 0.4984 0.0007 -105.324
1 0.4984 0.0007 256.351

0 0.4991 0.0007 -96.8903
1 0.4991 0.0007 252.708

0 0.4998 0.0007 -90.1869
1 0.4998 0.0007 249.789

0 0.5005 0.0007 -80.9311
1 0.5005 0.0007 237.656

0 0.5012 0.0007 -71.3158
1 0.5012 0.0007 243.267

0 0.5019 0.0007 -62.7791
1 0.5019 0.0007 257.312

0 0.5026 0.0007 -55.5291
1 0.5026 0.0007 242.372

0 0.5033 0.0007 -43.4345
1 0.5033 0.0007 239.223

0 0.504 0.0007 -29.3521
1 0.504 0.0007 267.516

0 0.5047 0.0007 -19.8203
1 0.5047 0.0007 279.008

0 0.5054 0.0007 -11.8035
1 0.5054 0.0007 208.2

0 0.5061 0.0007 -3.39593
1 0.5061 0.0007 209.225

0 0.5068 0.0007 10.6257
1 0.5068 0.0007 208.333

0 0.5075 0.0007 23.3597
1 0.5075 0.0007 290.225

0 0.5082 0.0007 32.432
1 0.5082 0.0007 276.671

0 0.5089 0.0007 42.1198
1 0.5089 0.0007 227.386

0 0.5096 0.0007 53.2945
1 0.5096 0.0007 228.456

0 0.5103 0.0007 62.9796
1 0.5103 0.0007 257.428

0 0.511 0.0007 71.0602
1 0.511 0.0007 252.73

0 0.5117 0.0007 79.2389
1 0.5117 0.0007 230.329

0 0.5124 0.0007 86.733
1 0.5124 0.0007 250.247

0 0.5131 0.0007 92.9243
1 0.5131 0.0007 251.934

0 0.5138 0.0007 97.0778
1 0.5138 0.0007 249.491

0 0.5145 0.0007 100.799
1 0.5145 0.0007 248.749

0 0.5152 0.0007 104.143
1 0.5152 0.0007 247.051

0 0.5159 0.0007 106.511
1 0.5159 0.0007 268.022

0 0.5166 0.0007 106.577
1 0.5166 0.0007 224.459

0 0.5173 0.0007 108.124
1 0.5173 0.0007 216.436

0 0.518 0.0007 110.109
1 0.518 0.0007 318.778

0 0.5187 0.0007 101.909
1 0.5187 0.0007 249.369

0 0.5194 0.0007 98.5749
1 0.5194 0.0007 223.53

0 0.5201 0.0007 95.9657
1 0.5201 0.0007 250.805

0 0.5208 0.0007 90.0676
1 0.5208 0.0007 252.715

0 0.5215 0.0007 85.4776
1 0.5215 0.0007 242.84

0 0.5222 0.0007 77.7753
1 0.5222 0.0007 242.567

0 0.5229 0.0007 69.687
1 0.5229 0.0007 241.259

0 0.5236 0.0007 63.0092
1 0.5236 0.0007 250.013

0 0.5243 0.0007 54.5927
1 0.5243 0.0007 234.567

0 0.525 0.0007 45.5323
1 0.525 0.0007 237.808

0 0.5257 0.0007 34.1646
1 0.5257 0.0007 255.792

0 0.5264 0.0007 25.1835
1 0.5264 0.0007 234.379

0 0.5271 0.0007 16.5313
1 0.5271 0.0007 215.322

0 0.5278 0.0007 3.08408
1 0.5278 0.0007 240.461

0 0.5285 0.0007 -10.5124
1 0.5285 0.0007 294.24

0 0.5292 0.0007 -14.5243
1 0.5292 0.0007 292.85

0 0.5299 0.0007 -17.3176
1 0.5299 0.0007 219.836

0 0.5306 0.0007 -24.8655
1 0.5306 0.0007 206.859

0 0.5313 0.0007 -39.3013
1 0.5313 0.0007 228.266

0 0.532 0.0007 -51.4206
1 0.532 0.0007 254.681

0 0.5327 0.0007 -53.2198
1 0.5327 0.0007 249.471

0 0.5334 0.0007 -59.3822
1 0.5334 0.0007 237.549

0 0.5341 0.0007 -67.4445
1 0.5341 0.0007 252.461

0 0.5348 0.0007 -73.8929
1 0.5348 0.0007 242.68

0 0.5355 0.0007 -76.4527
1 0.5355 0.0007 251.099

0 0.5362 0.0007 -80.4482
1 0.5362 0.0007 242.055

0 0.5369 0.0007 -84.0335
1 0.5369 0.0007 256.389

0 0.5376 0.0007 -85.2386
1 0.5376 0.0007 263.25

0 0.5383 0.0007 -85.9389
1 0.5383 0.0007 236.218

0 0.539 0.0007 -87.9079
1 0.539 0.0007 239.17

0 0.5397 0.0007 -88.3601
1 0.5397 0.0007 256.489

0 0.5404 0.0007 -86.6365
1 0.5404 0.0007 225.977

0 0.5411 0.0007 -85.2138
1 0.5411 0.0007 209.517

0 0.5418 0.0007 -84.3546
1 0.5418 0.0007 288.304

0 0.5425 0.0007 -79.7642
1 0.5425 0.0007 246.82

0 0.5432 0.0007 -74.1139
1 0.5432 0.0007 246.436

0 0.5439 0.0007 -69.7276
1 0.5439 0.0007 247.814

0 0.5446 0.0007 -64.4235
1 0.5446 0.0007 228.095

0 0.5453 0.0007 -58.4261
1 0.5453 0.0007 251.563

0 0.546 0.0007 -50.3016
1 0.546 0.0007 252.012

0 0.5467 0.0007 -43.6359
1 0.5467 0.0007 250.282

0 0.5474 0.0007 -34.7196
1 0.5474 0.0007 239.789

0 0.5481 0.0007 -24.9155
1 0.5481 0.0007 233.242

0 0.5488 0.0007 -16.379
1 0.5488 0.0007 255.111

0 0.5495 0.0007 -9.46064
1 0.5495 0.0007 234.282

0 0.5502 0.0007 1.15514
1 0.5502 0.0007 238.79

0 0.5509 0.0007 15.8096
1 0.5509 0.0007 257.601

0 0.5516 0.0007 25.8004
1 0.5516 0.0007 283.465

0 0.5523 0.0007 33.6146
1 0.5523 0.0007 220.471

0 0.553 0.0007 41.6714
1 0.553 0.0007 204.444

0 0.5537 0.0007 54.7047
1 0.5537 0.0007 203.831

0 0.5544 0.0007 67.5249
1 0.5544 0.0007 281.63

0 0.5551 0.0007 76.4308
1 0.5551 0.0007 278.583

0 0.5558 0.0007 85.7277
1 0.5558 0.0007 230.83

0 0.5565 0.0007 96.7713
1 0.5565 0.0007 228.766

0 0.5572 0.0007 106.695
1 0.5572 0.0007 259.246

0 0.5579 0.0007 114.795
1 0.5579 0.0007 255.689

0 0.5586 0.0007 122.768
1 0.5586 0.0007 231.911

0 0.5593 0.0007 130.286
1 0.5593 0.0007 243.653

0 0.56 0.0007 136.452
1 0.56 0.0007 245.079

0 0.5607 0.0007 141.028
1 0.5607 0.0007 248.16

0 0.5614 0.0007 144.818
1 0.5614 0.0007 253.969

0 0.5621 0.0007 148.213
1 0.5621 0.0007 248.476

0 0.5628 0.0007 150.882
1 0.5628 0.0007 260.819

0 0.5635 0.0007 151.611
1 0.5635 0.0007 230.988

0 0.5642 0.0007 152.665
1 0.5642 0.0007 207.988

0 0.5649 0.0007 154.321
1 0.5649 0.0007 320.403

0 0.5656 0.0007 146.33
1 0.5656 0.0007 255.558

0 0.5663 0.0007 142.979
1 0.5663 0.0007 221.338

0 0.567 0.0007 140.677
1 0.567 0.0007 242.271

0 0.5677 0.0007 134.66
1 0.5677 0.0007 254.335

0 0.5684 0.0007 130.13
1 0.5684 0.0007 247.398

0 0.5691 0.0007 123.38
1 0.5691 0.0007 243.905

0 0.5698 0.0007 114.547
1 0.5698 0.0007 243.654

0 0.5705 0.0007 107.396
1 0.5705 0.0007 245.671

0 0.5712 0.0007 99.4742
1 0.5712 0.0007 237.109

0 0.5719 0.0007 90.2317
1 0.5719 0.0007 232.431

0 0.5726 0.0007 79.6431
1 0.5726 0.0007 252.778

0 0.5733 0.0007 70.1084
1 0.5733 0.0007 239.226

0 0.574 0.0007 61.8361
1 0.574 0.0007 215.23

0 0.5747 0.0007 48.8928
1 0.5747 0.0007 235.789

0 0.5754 0.0007 34.7493
1 0.5754 0.0007 277.589

0 0.5761 0.0007 28.5334
1 0.5761 0.0007 300.071

0 0.5768 0.0007 26.7424
1 0.5768 0.0007 230.583

0 0.5775 0.0007 19.6008
1 0.5775 0.0007 199.594

0 0.5782 0.0007 7.00802
1 0.5782 0.0007 222.038

0 0.5789 0.0007 -7.70528
1 0.5789 0.0007 250.565

0 0.5796 0.0007 -9.28022
1 0.5796 0.0007 253.673

0 0.5803 0.0007 -14.8755
1 0.5803 0.0007 233.86

0 0.581 0.0007 -22.6182
1 0.581 0.0007 247.218

0 0.5817 0.0007 -29.5415
1 0.5817 0.0007 248.298

0 0.5824 0.0007 -32.6267
1 0.5824 0.0007 248.091

0 0.5831 0.0007 -36.6717
1 0.5831 0.0007 244.253

0 0.5838 0.0007 -40.3818
1 0.5838 0.0007 252.435

0 0.5845 0.0007 -42.1637
1 0.5845 0.0007 261.274

0 0.5852 0.0007 -42.9962
1 0.5852 0.0007 239.086

0 0.5859 0.0007 -44.6102
1 0.5859 0.0007 233.072

0 0.5866 0.0007 -45.1973
1 0.5866 0.0007 264.272

0 0.5873 0.0007 -44.0374
1 0.5873 0.0007 224.176

0 0.588 0.0007 -42.5431
1 0.588 0.0007 211.261

0 0.5887 0.0007 -42.0249
1 0.5887 0.0007 298.505

0 0.5894 0.0007 -37.5776
1 0.5894 0.0007 241.309

0 0.5901 0.0007 -32.2532
1 0.5901 0.0007 243.071

0 0.5908 0.0007 -27.8043
1 0.5908 0.0007 250.447

0 0.5915 0.0007 -22.7953
1 0.5915 0.0007 230.104

0 0.5922 0.0007 -16.7228
1 0.5922 0.0007 245.089

0 0.5929 0.0007 -8.66409
1 0.5929 0.0007 255.374

0 0.5936 0.0007 -1.88389
1 0.5936 0.0007 251.26

0 0.5943 0.0007 6.63574
1 0.5943 0.0007 241.212

0 0.595 0.0007 16.6214
1 0.595 0.0007 231.462

0 0.5957 0.0007 24.9747
1 0.5957 0.0007 262.738

0 0.5964 0.0007 32.2745
1 0.5964 0.0007 235.641

0 0.5971 0.0007 41.8693
1 0.5971 0.0007 232.678

0 0.5978 0.0007 56.2131
1 0.5978 0.0007 251.248

0 0.5985 0.0007 66.8126
1 0.5985 0.0007 287.684

0 0.5992 0.0007 74.9618
1 0.5992 0.0007 219.987

0 0.5999 0.0007 82.4382
1 0.5999 0.0007 199.02

0 0.6006 0.0007 94.5944
1 0.6006 0.0007 206.664

0 0.6013 0.0007 107.611
1 0.6013 0.0007 273.833

0 0.602 0.0007 116.873
1 0.602 0.0007 285.926

0 0.6027 0.0007 126.155
1 0.6027 0.0007 236.75

0 0.6034 0.0007 136.824
1 0.6034 0.0007 218.515

0 0.6041 0.0007 146.979
1 0.6041 0.0007 251.265

0 0.6048 0.0007 155.006
1 0.6048 0.0007 249.917

0 0.6055 0.0007 162.584
1 0.6055 0.0007 238.225

0 0.6062 0.0007 170.532
1 0.6062 0.0007 235.008

0 0.6069 0.0007 176.812
1 0.6069 0.0007 247.159

0 0.6076 0.0007 181.657
1 0.6076 0.0007 251.21

0 0.6083 0.0007 185.467
1 0.6083 0.0007 253.363

0 0.609 0.0007 188.922
1 0.609 0.0007 235.813

0 0.6097 0.0007 191.331
1 0.6097 0.0007 255.68

0 0.6104 0.0007 192.398
1 0.6104 0.0007 235.724

0 0.6111 0.0007 193.164
1 0.6111 0.0007 215.558

0 0.6118 0.0007 195.012
1 0.6118 0.0007 324.076

0 0.6125 0.0007 187.143
1 0.6125 0.0007 256.214

0 0.6132 0.0007 183.549
1 0.6132 0.0007 215.071

0 0.6139 0.0007 181.23
1 0.6139 0.0007 241.687

0 0.6146 0.0007 175.678
1 0.6146 0.0007 248.629

0 0.6153 0.0007 170.74
1 0.6153 0.0007 250.725

0 0.616 0.0007 164.611
1 0.616 0.0007 245.759

0 0.6167 0.0007 155.706
1 0.6167 0.0007 237.286

0 0.6174 0.0007 148.446
1 0.6174 0.0007 253.245

0 0.6181 0.0007 139.849
1 0.6181 0.0007 233.11

0 0.6188 0.0007 131.138
1 0.6188 0.0007 230.93

0 0.6195 0.0007 121.138
1 0.6195 0.0007 248.315

0 0.6202 0.0007 111.2
1 0.6202 0.0007 249.756

0 0.6209 0.0007 102.908
1 0.6209 0.0007 214.402

0 0.6216 0.0007 90.5197
1 0.6216 0.0007 234.018

0 0.6223 0.0007 75.6654
1 0.6223 0.0007 264.827

0 0.623 0.0007 67.9135
1 0.623 0.0007 300.722

0 0.6237 0.0007 66.8861
1 0.6237 0.0007 235.231

0 0.6244 0.0007 60.7594
1 0.6244 0.0007 204.062

0 0.6251 0.0007 48.9281
1 0.6251 0.0007 211.456

0 0.6258 0.0007 33.1902
1 0.6258 0.0007 250.962

0 0.6265 0.0007 30.5179
1 0.6265 0.0007 256.159

0 0.6272 0.0007 25.3151
1 0.6272 0.0007 238.924

0 0.6279 0.0007 17.3787
1 0.6279 0.0007 244.835

0 0.6286 0.0007 9.98395
1 0.6286 0.0007 243.731

0 0.6293 0.0007 6.72009
1 0.6293 0.0007 243.022

0 0.63 0.0007 3.37376
1 0.63 0.0007 247.668

0 0.6307 0.0007 -0.550934
1 0.6307 0.0007 251.785

0 0.6314 0.0007 -2.93528
1 0.6314 0.0007 261.686

0 0.6321 0.0007 -3.57342
1 0.6321 0.0007 241.953

0 0.6328 0.0007 -5.27344
1 0.6328 0.0007 231.804

0 0.6335 0.0007 -5.90972
1 0.6335 0.0007 267.645

0 0.6342 0.0007 -5.16487
1 0.6342 0.0007 231.771

0 0.6349 0.0007 -3.48661
1 0.6349 0.0007 213.675

0 0.6356 0.0007 -2.97692
1 0.6356 0.0007 290.351

0 0.6363 0.0007 1.25659
1 0.6363 0.0007 245.806

0 0.637 0.0007 6.41584
1 0.637 0.0007 227.106

0 0.6377 0.0007 10.448
1 0.6377 0.0007 256.002

0 0.6384 0.0007 15.3252
1 0.6384 0.0007 238.219

0 0.6391 0.0007 21.2543
1 0.6391 0.0007 238.747

0 0.6398 0.0007 29.0243
1 0.6398 0.0007 258.678

0 0.6405 0.0007 36.0236
1 0.6405 0.0007 240.182

0 0.6412 0.0007 43.6311
1 0.6412 0.0007 243.35

0 0.6419 0.0007 53.4792
1 0.6419 0.0007 230.214

0 0.6426 0.0007 61.9714
1 0.6426 0.0007 249.129

0 0.6433 0.0007 69.3482
1 0.6433 0.0007 239.394

0 0.644 0.0007 78.079
1 0.644 0.0007 236.034

0 0.6447 0.0007 92.1008
1 0.6447 0.0007 248.614

0 0.6454 0.0007 103.334
1 0.6454 0.0007 291.599

0 0.6461 0.0007 111.114
1 0.6461 0.0007 231.458

0 0.6468 0.0007 118.426
1 0.6468 0.0007 203.743

0 0.6475 0.0007 129.935
1 0.6475 0.0007 208.062

0 0.6482 0.0007 143.239
1 0.6482 0.0007 251.739

0 0.6489 0.0007 152.639
1 0.6489 0.0007 282.877

0 0.6496 0.0007 161.582
1 0.6496 0.0007 243.241

0 0.6503 0.0007 171.925
1 0.6503 0.0007 225.243

0 0.651 0.0007 182.432
1 0.651 0.0007 248.526

0 0.6517 0.0007 190.821
1 0.6517 0.0007 253.054

0 0.6524 0.0007 198.25
1 0.6524 0.0007 233.052

0 0.6531 0.0007 206.135
1 0.6531 0.0007 235.838

0 0.6538 0.0007 212.582
1 0.6538 0.0007 247.712

0 0.6545 0.0007 217.392
1 0.6545 0.0007 242.545

0 0.6552 0.0007 221.056
1 0.6552 0.0007 247.574

0 0.6559 0.0007 224.165
1 0.6559 0.0007 242.137

0 0.6566 0.0007 226.522
1 0.6566 0.0007 251.219

0 0.6573 0.0007 228.106
1 0.6573 0.0007 245.716

0 0.658 0.0007 228.669
1 0.658 0.0007 216.1

0 0.6587 0.0007 230.538
1 0.6587 0.0007 215.118

0 0.6594 0.0007 231.486
1 0.6594 0.0007 293.121

0 0.6601 0.0007 224.109
1 0.6601 0.0007 237.617

0 0.6608 0.0007 220.906
1 0.6608 0.0007 237.858

0 0.6615 0.0007 215.603
1 0.6615 0.0007 249.15

0 0.6622 0.0007 210.634
1 0.6622 0.0007 241.544

0 0.6629 0.0007 205.512
1 0.6629 0.0007 241.966

0 0.6636 0.0007 196.841
1 0.6636 0.0007 240.08

0 0.6643 0.0007 189.68
1 0.6643 0.0007 254.538

0 0.665 0.0007 181.421
1 0.665 0.0007 236.423

0 0.6657 0.0007 172.979
1 0.6657 0.0007 231.513

0 0.6664 0.0007 163.385
1 0.6664 0.0007 244.632

0 0.6671 0.0007 152.451
1 0.6671 0.0007 255.773

0 0.6678 0.0007 144.495
1 0.6678 0.0007 211.959

0 0.6685 0.0007 133.324
1 0.6685 0.0007 223.903

0 0.6692 0.0007 118.87
1 0.6692 0.0007 258.567

0 0.6699 0.0007 109.189
1 0.6699 0.0007 310.461

0 0.6706 0.0007 108.355
1 0.6706 0.0007 248.4

0 0.6713 0.0007 102.914
1 0.6713 0.0007 206.497

0 0.672 0.0007 91.4639
1 0.672 0.0007 209.7

0 0.6727 0.0007 75.3888
1 0.6727 0.0007 244.759

0 0.6734 0.0007 71.57
1 0.6734 0.0007 260.58

0 0.6741 0.0007 66.7861
1 0.6741 0.0007 238.286

0 0.6748 0.0007 58.7854
1 0.6748 0.0007 229.858

0 0.6755 0.0007 50.6888
1 0.6755 0.0007 246.829

0 0.6762 0.0007 47.1363
1 0.6762 0.0007 243.223

0 0.6769 0.0007 44.2316
1 0.6769 0.0007 242.057

0 0.6776 0.0007 40.1865
1 0.6776 0.0007 249.065

0 0.6783 0.0007 37.4686
1 0.6783 0.0007 259.001

0 0.679 0.0007 36.4226
1 0.679 0.0007 252.199

0 0.6797 0.0007 34.9906
1 0.6797 0.0007 234.624

0 0.6804 0.0007 33.5837
1 0.6804 0.0007 252.752

0 0.6811 0.0007 34.2673
1 0.6811 0.0007 234.621

0 0.6818 0.0007 36.0235
1 0.6818 0.0007 206.867

0 0.6825 0.0007 36.2717
1 0.6825 0.0007 299.405

0 0.6832 0.0007 40.28
1 0.6832 0.0007 251.642

0 0.6839 0.0007 44.9245
1 0.6839 0.0007 223.02

0 0.6846 0.0007 49.3601
1 0.6846 0.0007 255.614

0 0.6853 0.0007 53.9176
1 0.6853 0.0007 238.44

0 0.686 0.0007 59.3933
1 0.686 0.0007 239.55

0 0.6867 0.0007 66.6415
1 0.6867 0.0007 256.899

0 0.6874 0.0007 73.6537
1 0.6874 0.0007 241.319

0 0.6881 0.0007 80.9508
1 0.6881 0.0007 240.803

0 0.6888 0.0007 90.3829
1 0.6888 0.0007 228.532

0 0.6895 0.0007 99.1015
1 0.6895 0.0007 247.706

0 0.6902 0.0007 106.778
1 0.6902 0.0007 247.93

0 0.6909 0.0007 114.887
1 0.6909 0.0007 237.376

0 0.6916 0.0007 128.457
1 0.6916 0.0007 244.549

0 0.6923 0.0007 140.175
1 0.6923 0.0007 285.671

0 0.693 0.0007 148.086
1 0.693 0.0007 244.097

0 0.6937 0.0007 155.302
1 0.6937 0.0007 193.232

0 0.6944 0.0007 165.289
1 0.6944 0.0007 204.556

0 0.6951 0.0007 178.917
1 0.6951 0.0007 238.849

0 0.6958 0.0007 188.82
1 0.6958 0.0007 289.764

0 0.6965 0.0007 197.539
1 0.6965 0.0007 247.579

0 0.6972 0.0007 207.531
1 0.6972 0.0007 223.586

0 0.6979 0.0007 218.003
1 0.6979 0.0007 244.777

0 0.6986 0.0007 226.626
1 0.6986 0.0007 255.028

0 0.6993 0.0007 233.94
1 0.6993 0.0007 234.3

0 0.7 0.0007 241.83
1 0.7 0.0007 235.871

0 0.7007 0.0007 248.274
1 0.7007 0.0007 246.418

0 0.7014 0.0007 253.464
1 0.7014 0.0007 243.585

0 0.7021 0.0007 257.095
1 0.7021 0.0007 248.892

0 0.7028 0.0007 260.327
1 0.7028 0.0007 237.485

0 0.7035 0.0007 262.702
1 0.7035 0.0007 251.756

0 0.7042 0.0007 264.641
1 0.7042 0.0007 250.445

0 0.7049 0.0007 264.677
1 0.7049 0.0007 210.049

0 0.7056 0.0007 266.164
1 0.7056 0.0007 213.517

0 0.7063 0.0007 267.029
1 0.7063 0.0007 305.021

0 0.707 0.0007 259.345
1 0.707 0.0007 241.267

0 0.7077 0.0007 256.244
1 0.7077 0.0007 233.106

0 0.7084 0.0007 251.107
1 0.7084 0.0007 240.139

0 0.7091 0.0007 245.406
1 0.7091 0.0007 236.51

0 0.7098 0.0007 240.501
1 0.7098 0.0007 250.173

0 0.7105 0.0007 232.158
1 0.7105 0.0007 239.422

0 0.7112 0.0007 224.951
1 0.7112 0.0007 248.911

0 0.7119 0.0007 217.008
1 0.7119 0.0007 239.456

0 0.7126 0.0007 208.029
1 0.7126 0.0007 227.578

0 0.7133 0.0007 198.764
1 0.7133 0.0007 237.068

0 0.714 0.0007 187.43
1 0.714 0.0007 254.414

0 0.7147 0.0007 179.794
1 0.7147 0.0007 215.273

0 0.7154 0.0007 168.927
1 0.7154 0.0007 224.956

0 0.7161 0.0007 154.206
1 0.7161 0.0007 257.257

0 0.7168 0.0007 143.034
1 0.7168 0.0007 316.223

0 0.7175 0.0007 142.06
1 0.7175 0.0007 255.409

0 0.7182 0.0007 137.027
1 0.7182 0.0007 196.643

0 0.7189 0.0007 127.224
1 0.7189 0.0007 209.586

0 0.7196 0.0007 110.669
1 0.7196 0.0007 243.771

0 0.7203 0.0007 104.791
1 0.7203 0.0007 256.115

0 0.721 0.0007 101.525
1 0.721 0.0007 246.765

0 0.7217 0.0007 93.2207
1 0.7217 0.0007 234.733

0 0.7224 0.0007 84.702
1 0.7224 0.0007 249.873

0 0.7231 0.0007 80.3198
1 0.7231 0.0007 243.284

0 0.7238 0.0007 77.3852
1 0.7238 0.0007 240.475

0 0.7245 0.0007 73.441
1 0.7245 0.0007 246.414

0 0.7252 0.0007 70.0243
1 0.7252 0.0007 254.947

0 0.7259 0.0007 68.99
1 0.7259 0.0007 254.05

0 0.7266 0.0007 67.7025
1 0.7266 0.0007 235.713

0 0.7273 0.0007 66.0153
1 0.7273 0.0007 251.683

0 0.728 0.0007 66.6552
1 0.728 0.0007 240.351

0 0.7287 0.0007 68.134
1 0.7287 0.0007 214.612

0 0.7294 0.0007 68.414
1 0.7294 0.0007 303.709

0 0.7301 0.0007 72.2328
1 0.7301 0.0007 243.688

0 0.7308 0.0007 76.2242
1 0.7308 0.0007 224.814

0 0.7315 0.0007 81.0748
1 0.7315 0.0007 254.856

0 0.7322 0.0007 85.5334
1 0.7322 0.0007 236.612

0 0.7329 0.0007 90.6834
1 0.7329 0.0007 233.29

0 0.7336 0.0007 97.7535
1 0.7336 0.0007 255.105

0 0.7343 0.0007 105.113
1 0.7343 0.0007 248.015

0 0.735 0.0007 112.242
1 0.735 0.0007 237.993

0 0.7357 0.0007 121.296
1 0.7357 0.0007 233.062

0 0.7364 0.0007 130.213
1 0.7364 0.0007 240.215

0 0.7371 0.0007 137.656
1 0.7371 0.0007 250.349

0 0.7378 0.0007 145.358
1 0.7378 0.0007 239.636

0 0.7385 0.0007 158.125
1 0.7385 0.0007 238.025

0 0.7392 0.0007 170.559
1 0.7392 0.0007 274.544

0 0.7399 0.0007 178.91
1 0.7399 0.0007 253.993

0 0.7406 0.0007 185.891
1 0.7406 0.0007 199.986

0 0.7413 0.0007 195.077
1 0.7413 0.0007 204.652

0 0.742 0.0007 208.972
1 0.742 0.0007 221.315

0 0.7427 0.0007 219.501
1 0.7427 0.0007 288.058

0 0.7434 0.0007 227.936
1 0.7434 0.0007 255.937

0 0.7441 0.0007 237.564
1 0.7441 0.0007 218.264

0 0.7448 0.0007 247.924
1 0.7448 0.0007 240.216

0 0.7455 0.0007 256.625
1 0.7455 0.0007 253.36

0 0.7462 0.0007 263.83
1 0.7462 0.0007 238.669

0 0.7469 0.0007 271.567
1 0.7469 0.0007 232.308

0 0.7476 0.0007 278.225
1 0.7476 0.0007 252.583

0 0.7483 0.0007 283.49
1 0.7483 0.0007 242.567

0 0.749 0.0007 287.142
1 0.749 0.0007 252.364

0 0.7497 0.0007 290.431
1 0.7497 0.0007 240.891

0 0.7504 0.0007 292.853
1 0.7504 0.0007 247.114

0 0.7511 0.0007 294.622
1 0.7511 0.0007 253.958

0 0.7518 0.0007 294.239
1 0.7518 0.0007 214.156

0 0.7525 0.0007 295.661
1 0.7525 0.0007 208.157

0 0.7532 0.0007 296.823
1 0.7532 0.0007 302.995

0 0.7539 0.0007 288.708
1 0.7539 0.0007 240.953

0 0.7546 0.0007 285.434
1 0.7546 0.0007 225.954

0 0.7553 0.0007 281.341
1 0.7553 0.0007 248.963

0 0.756 0.0007 275.354
1 0.756 0.0007 243.686

0 0.7567 0.0007 270.414
1 0.7567 0.0007 243.834

0 0.7574 0.0007 262.121
1 0.7574 0.0007 239.981

0 0.7581 0.0007 254.622
1 0.7581 0.0007 243.819

0 0.7588 0.0007 246.871
1 0.7588 0.0007 246.223

0 0.7595 0.0007 238.043
1 0.7595 0.0007 230.328

0 0.7602 0.0007 228.527
1 0.7602 0.0007 239.366

0 0.7609 0.0007 216.997
1 0.7609 0.0007 256.894

0 0.7616 0.0007 208.682
1 0.7616 0.0007 215.529

0 0.7623 0.0007 199.008
1 0.7623 0.0007 216.682

0 0.763 0.0007 184.572
1 0.763 0.0007 249.729

0 0.7637 0.0007 172.306
1 0.7637 0.0007 309.727

0 0.7644 0.0007 171.237
1 0.7644 0.0007 266.871

0 0.7651 0.0007 166.802
1 0.7651 0.0007 207.213

0 0.7658 0.0007 157.555
1 0.7658 0.0007 201.775

0 0.7665 0.0007 142.017
1 0.7665 0.0007 240.45

0 0.7672 0.0007 133.818
1 0.7672 0.0007 253.31

0 0.7679 0.0007 131.494
1 0.7679 0.0007 239.408

0 0.7686 0.0007 124.026
1 0.7686 0.0007 228.034

0 0.7693 0.0007 115.677
1 0.7693 0.0007 248.599

0 0.77 0.0007 110.647
1 0.77 0.0007 243.728

0 0.7707 0.0007 107.715
1 0.7707 0.0007 243.85

0 0.7714 0.0007 103.567
1 0.7714 0.0007 243.228

0 0.7721 0.0007 100.148
1 0.7721 0.0007 253.33

0 0.7728 0.0007 98.7219
1 0.7728 0.0007 261.011

0 0.7735 0.0007 97.3565
1 0.7735 0.0007 225.931

0 0.7742 0.0007 95.7257
1 0.7742 0.0007 246.988

0 0.7749 0.0007 95.42
1 0.7749 0.0007 250.485

0 0.7756 0.0007 96.9953
1 0.7756 0.0007 221.667

0 0.7763 0.0007 97.4222
1 0.7763 0.0007 302.925

0 0.777 0.0007 100.645
1 0.777 0.0007 246.615

0 0.7777 0.0007 104.561
1 0.7777 0.0007 228.086

0 0.7784 0.0007 109.185
1 0.7784 0.0007 249.087

0 0.7791 0.0007 113.46
1 0.7791 0.0007 238.115

0 0.7798 0.0007 118.508
1 0.7798 0.0007 237.068

0 0.7805 0.0007 125.266
1 0.7805 0.0007 251.363

0 0.7812 0.0007 132.472
1 0.7812 0.0007 252.183

0 0.7819 0.0007 139.257
1 0.7819 0.0007 242.946

0 0.7826 0.0007 148.027
1 0.7826 0.0007 231.927

0 0.7833 0.0007 156.835
1 0.7833 0.0007 236.735

0 0.784 0.0007 164.679
1 0.784 0.0007 251.168

0 0.7847 0.0007 171.799
1 0.7847 0.0007 239.687

0 0.7854 0.0007 183.802
1 0.7854 0.0007 239.449

0 0.7861 0.0007 196.899
1 0.7861 0.0007 267.604

0 0.7868 0.0007 205.417
1 0.7868 0.0007 268.053

0 0.7875 0.0007 212.637
1 0.7875 0.0007 196.862

0 0.7882 0.0007 220.722
1 0.7882 0.0007 202.189

0 0.7889 0.0007 234.232
1 0.7889 0.0007 211.918

0 0.7896 0.0007 245.778
1 0.7896 0.0007 289.048

0 0.7903 0.0007 254.243
1 0.7903 0.0007 262.519

0 0.791 0.0007 263.33
1 0.791 0.0007 222.43

0 0.7917 0.0007 273.684
1 0.7917 0.0007 238.281

0 0.7924 0.0007 282.736
1 0.7924 0.0007 251.642

0 0.7931 0.0007 289.915
1 0.7931 0.0007 240.694

0 0.7938 0.0007 297.778
1 0.7938 0.0007 229.544

0 0.7945 0.0007 304.353
1 0.7945 0.0007 248.274

0 0.7952 0.0007 309.86
1 0.7952 0.0007 239.485

0 0.7959 0.0007 313.632
1 0.7959 0.0007 245.511

0 0.7966 0.0007 316.973
1 0.7966 0.0007 245.792

0 0.7973 0.0007 319.609
1 0.7973 0.0007 244.193

0 0.798 0.0007 321.525
1 0.798 0.0007 260.565

0 0.7987 0.0007 321.016
1 0.7987 0.0007 214.61

0 0.7994 0.0007 322.341
1 0.7994 0.0007 213.435

0 0.8001 0.0007 323.891
1 0.8001 0.0007 307.956

0 0.8008 0.0007 315.531
1 0.8008 0.0007 247.699

0 0.8015 0.0007 312.135
1 0.8015 0.0007 222.018

0 0.8022 0.0007 308.963
1 0.8022 0.0007 246.656

0 0.8029 0.0007 302.564
1 0.8029 0.0007 248.181

0 0.8036 0.0007 297.61
1 0.8036 0.0007 245.172

0 0.8043 0.0007 289.478
1 0.8043 0.0007 238.932

0 0.805 0.0007 281.823
1 0.805 0.0007 235.954

0 0.8057 0.0007 274.524
1 0.8057 0.0007 246.768

0 0.8064 0.0007 265.85
1 0.8064 0.0007 234.012

0 0.8071 0.0007 256.163
1 0.8071 0.0007 232.841

0 0.8078 0.0007 244.635
1 0.8078 0.0007 251.076

0 0.8085 0.0007 236.147
1 0.8085 0.0007 224.738

0 0.8092 0.0007 226.956
1 0.8092 0.0007 220.51

0 0.8099 0.0007 212.709
1 0.8099 0.0007 240.707

0 0.8106 0.0007 199.405
1 0.8106 0.0007 304.149

0 0.8113 0.0007 197.068
1 0.8113 0.0007 276.585

0 0.812 0.0007 193.507
1 0.812 0.0007 209.616

0 0.8127 0.0007 184.927
1 0.8127 0.0007 199.781

0 0.8134 0.0007 169.821
1 0.8134 0.0007 230.03

0 0.8141 0.0007 159.09
1 0.8141 0.0007 250.764

0 0.8148 0.0007 157.103
1 0.8148 0.0007 243.25

0 0.8155 0.0007 149.884
1 0.8155 0.0007 227.745

0 0.8162 0.0007 141.878
1 0.8162 0.0007 253.336

0 0.8169 0.0007 135.822
1 0.8169 0.0007 241.96

0 0.8176 0.0007 133.127
1 0.8176 0.0007 243.083

0 0.8183 0.0007 128.425
1 0.8183 0.0007 237.674

0 0.819 0.0007 124.894
1 0.819 0.0007 251.275

0 0.8197 0.0007 123.071
1 0.8197 0.0007 255.879

0 0.8204 0.0007 122.022
1 0.8204 0.0007 233.954

0 0.8211 0.0007 120.257
1 0.8211 0.0007 240.998

0 0.8218 0.0007 119.975
1 0.8218 0.0007 247.4

0 0.8225 0.0007 120.796
1 0.8225 0.0007 223.526

0 0.8232 0.0007 121.445
1 0.8232 0.0007 205.739

0 0.8239 0.0007 121.796
1 0.8239 0.0007 274.607

0 0.8246 0.0007 126.153
1 0.8246 0.0007 236.699

0 0.8253 0.0007 131.494
1 0.8253 0.0007 249.803

0 0.826 0.0007 135.206
1 0.826 0.0007 244.692

0 0.8267 0.0007 140.223
1 0.8267 0.0007 219.355

0 0.8274 0.0007 145.871
1 0.8274 0.0007 245.749

0 0.8281 0.0007 153.444
1 0.8281 0.0007 250.803

0 0.8288 0.0007 159.752
1 0.8288 0.0007 244.194

0 0.8295 0.0007 168.436
1 0.8295 0.0007 235.979

0 0.8302 0.0007 177.45
1 0.8302 0.0007 236.452

0 0.8309 0.0007 185.401
1 0.8309 0.0007 254.559

0 0.8316 0.0007 192.153
1 0.8316 0.0007 239.372

0 0.8323 0.0007 203.394
1 0.8323 0.0007 229.485

0 0.833 0.0007 216.858
1 0.833 0.0007 261.507

0 0.8337 0.0007 225.984
1 0.8337 0.0007 273.914

0 0.8344 0.0007 233.082
1 0.8344 0.0007 207.194

0 0.8351 0.0007 240.815
1 0.8351 0.0007 203.346

0 0.8358 0.0007 253.945
1 0.8358 0.0007 205.984

0 0.8365 0.0007 266.023
1 0.8365 0.0007 275.502

0 0.8372 0.0007 274.176
1 0.8372 0.0007 273.711

0 0.8379 0.0007 283.197
1 0.8379 0.0007 224.935

0 0.8386 0.0007 293.761
1 0.8386 0.0007 226.511

0 0.8393 0.0007 302.871
1 0.8393 0.0007 250.905

0 0.84 0.0007 310.224
1 0.84 0.0007 251.018

0 0.8407 0.0007 317.747
1 0.8407 0.0007 226.072

0 0.8414 0.0007 324.574
1 0.8414 0.0007 244.497

0 0.8421 0.0007 330.209
1 0.8421 0.0007 242.335

0 0.8428 0.0007 334.024
1 0.8428 0.0007 245.371

0 0.8435 0.0007 337.432
1 0.8435 0.0007 244.498

0 0.8442 0.0007 340.206
1 0.8442 0.0007 244.675

0 0.8449 0.0007 342.244
1 0.8449 0.0007 262.242

0 0.8456 0.0007 342.064
1 0.8456 0.0007 222.291

0 0.8463 0.0007 343.299
1 0.8463 0.0007 206.007

0 0.847 0.0007 344.882
1 0.847 0.0007 311.872

0 0.8477 0.0007 336.536
1 0.8477 0.0007 246.222

0 0.8484 0.0007 332.874
1 0.8484 0.0007 216.662

0 0.8491 0.0007 329.956
1 0.8491 0.0007 244.758

0 0.8498 0.0007 323.688
1 0.8498 0.0007 246.97

0 0.8505 0.0007 318.822
1 0.8505 0.0007 238.211

0 0.8512 0.0007 311.496
1 0.8512 0.0007 238.639

0 0.8519 0.0007 303.212
1 0.8519 0.0007 239.094

0 0.8526 0.0007 296.195
1 0.8526 0.0007 243.717

0 0.8533 0.0007 287.427
1 0.8533 0.0007 231.619

0 0.854 0.0007 278.259
1 0.854 0.0007 231.753

0 0.8547 0.0007 267.219
1 0.8547 0.0007 254.259

0 0.8554 0.0007 257.796
1 0.8554 0.0007 229.833

0 0.8561 0.0007 249.108
1 0.8561 0.0007 212.981

0 0.8568 0.0007 235.601
1 0.8568 0.0007 232.16

0 0.8575 0.0007 221.722
1 0.8575 0.0007 287.706

0 0.8582 0.0007 217.02
1 0.8582 0.0007 284.296

0 0.8589 0.0007 214.54
1 0.8589 0.0007 218.901

0 0.8596 0.0007 206.749
1 0.8596 0.0007 200.589

0 0.8603 0.0007 192.734
1 0.8603 0.0007 222.958

0 0.861 0.0007 179.736
1 0.861 0.0007 250.346

0 0.8617 0.0007 178.179
1 0.8617 0.0007 248.495

0 0.8624 0.0007 171.647
1 0.8624 0.0007 232.346

0 0.8631 0.0007 163.36
1 0.8631 0.0007 248.785

0 0.8638 0.0007 156.665
1 0.8638 0.0007 235.819

0 0.8645 0.0007 153.639
1 0.8645 0.0007 246.57

0 0.8652 0.0007 149.461
1 0.8652 0.0007 241.27

0 0.8659 0.0007 145.579
1 0.8659 0.0007 247.279

0 0.8666 0.0007 143.575
1 0.8666 0.0007 257.694

0 0.8673 0.0007 142.561
1 0.8673 0.0007 234.888

0 0.868 0.0007 140.391
1 0.868 0.0007 233.921

0 0.8687 0.0007 139.496
1 0.8687 0.0007 255.46

0 0.8694 0.0007 140.717
1 0.8694 0.0007 224.102

0 0.8701 0.0007 141.774
1 0.8701 0.0007 206.042

0 0.8708 0.0007 142.242
1 0.8708 0.0007 285.647

0 0.8715 0.0007 146.35
1 0.8715 0.0007 240.786

0 0.8722 0.0007 151.465
1 0.8722 0.0007 241.116

0 0.8729 0.0007 155.389
1 0.8729 0.0007 244.592

0 0.8736 0.0007 160.186
1 0.8736 0.0007 224.75

0 0.8743 0.0007 165.768
1 0.8743 0.0007 240.845

0 0.875 0.0007 173.252
1 0.875 0.0007 250.211

0 0.8757 0.0007 179.425
1 0.8757 0.0007 243.721

0 0.8764 0.0007 187.633
1 0.8764 0.0007 235.916

0 0.8771 0.0007 196.809
1 0.8771 0.0007 231.819

0 0.8778 0.0007 204.827
1 0.8778 0.0007 253.234

0 0.8785 0.0007 211.222
1 0.8785 0.0007 229.788

0 0.8792 0.0007 221.079
1 0.8792 0.0007 234.947

0 0.8799 0.0007 235.037
1 0.8799 0.0007 254.864

0 0.8806 0.0007 244.523
1 0.8806 0.0007 277.332

0 0.8813 0.0007 251.749
1 0.8813 0.0007 218.454

0 0.882 0.0007 259.122
1 0.882 0.0007 202.008

0 0.8827 0.0007 271.523
1 0.8827 0.0007 197.62

0 0.8834 0.0007 283.614
1 0.8834 0.0007 273.265

0 0.8841 0.0007 292.114
1 0.8841 0.0007 277.923

0 0.8848 0.0007 300.847
1 0.8848 0.0007 228.238

0 0.8855 0.0007 311.271
1 0.8855 0.0007 226.184

0 0.8862 0.0007 320.733
1 0.8862 0.0007 252.22

0 0.8869 0.0007 328.278
1 0.8869 0.0007 248.514

0 0.8876 0.0007 335.653
1 0.8876 0.0007 230.47

0 0.8883 0.0007 342.586
1 0.8883 0.0007 237.768

0 0.889 0.0007 348.173
1 0.889 0.0007 244.246

0 0.8897 0.0007 352.374
1 0.8897 0.0007 241.242

0 0.8904 0.0007 355.757
1 0.8904 0.0007 253.427

0 0.8911 0.0007 358.705
1 0.8911 0.0007 241.638

0 0.8918 0.0007 360.774
1 0.8918 0.0007 254.808

0 0.8925 0.0007 361.15
1 0.8925 0.0007 226.899

0 0.8932 0.0007 361.946
1 0.8932 0.0007 206.996

0 0.8939 0.0007 363.3
1 0.8939 0.0007 315.344

0 0.8946 0.0007 355.129
1 0.8946 0.0007 254.754

0 0.8953 0.0007 351.444
1 0.8953 0.0007 216.12

0 0.896 0.0007 348.793
1 0.896 0.0007 240.63

0 0.8967 0.0007 342.599
1 0.8967 0.0007 245.843

0 0.8974 0.0007 337.624
1 0.8974 0.0007 244.232

0 0.8981 0.0007 331.081
1 0.8981 0.0007 237.857

0 0.8988 0.0007 322.298
1 0.8988 0.0007 237.465

0 0.8995 0.0007 315.128
1 0.8995 0.0007 244.813

0 0.9002 0.0007 306.611
1 0.9002 0.0007 235.137

0 0.9009 0.0007 297.278
1 0.9009 0.0007 229.915

0 0.9016 0.0007 286.577
1 0.9016 0.0007 246.583

0 0.9023 0.0007 277.119
1 0.9023 0.0007 237.895

0 0.903 0.0007 268.64
1 0.903 0.0007 212.425

0 0.9037 0.0007 255.64
1 0.9037 0.0007 233.431

0 0.9044 0.0007 241.397
1 0.9044 0.0007 267.644

0 0.9051 0.0007 234.947
1 0.9051 0.0007 297.767

0 0.9058 0.0007 232.7
1 0.9058 0.0007 226.863

0 0.9065 0.0007 225.73
1 0.9065 0.0007 199.1

0 0.9072 0.0007 213.035
1 0.9072 0.0007 212.416

0 0.9079 0.0007 197.937
1 0.9079 0.0007 250.594

0 0.9086 0.0007 195.926
1 0.9086 0.0007 249.499

0 0.9093 0.0007 190.174
1 0.9093 0.0007 231.299

0 0.91 0.0007 182.202
1 0.91 0.0007 245.488

0 0.9107 0.0007 175.059
1 0.9107 0.0007 241.537

0 0.9114 0.0007 171.876
1 0.9114 0.0007 248.355

0 0.9121 0.0007 167.577
1 0.9121 0.0007 243.148

0 0.9128 0.0007 163.532
1 0.9128 0.0007 247.588

0 0.9135 0.0007 161.309
1 0.9135 0.0007 255.652

0 0.9142 0.0007 160.282
1 0.9142 0.0007 236.105

0 0.9149 0.0007 158.299
1 0.9149 0.0007 232.652

0 0.9156 0.0007 157.355
1 0.9156 0.0007 262.49

0 0.9163 0.0007 158.047
1 0.9163 0.0007 222.227

0 0.917 0.0007 159.205
1 0.917 0.0007 207.126

0 0.9177 0.0007 159.438
1 0.9177 0.0007 292.197

0 0.9184 0.0007 163.563
1 0.9184 0.0007 239.97

0 0.9191 0.0007 168.303
1 0.9191 0.0007 241.41

0 0.9198 0.0007 172.335
1 0.9198 0.0007 249.165

0 0.9205 0.0007 176.844
1 0.9205 0.0007 228.233

0 0.9212 0.0007 182.392
1 0.9212 0.0007 240.955

0 0.9219 0.0007 189.807
1 0.9219 0.0007 248.679

0 0.9226 0.0007 196.352
1 0.9226 0.0007 245.609

0 0.9233 0.0007 204.107
1 0.9233 0.0007 238.604

0 0.924 0.0007 213.509
1 0.924 0.0007 230.702

0 0.9247 0.0007 221.347
1 0.9247 0.0007 251.54

0 0.9254 0.0007 228.145
1 0.9254 0.0007 238.013

0 0.9261 0.0007 237.111
1 0.9261 0.0007 229.347

0 0.9268 0.0007 250.598
1 0.9268 0.0007 247.317

0 0.9275 0.0007 260.638
1 0.9275 0.0007 282.319

0 0.9282 0.0007 268.05
1 0.9282 0.0007 221.488

0 0.9289 0.0007 275.044
1 0.9289 0.0007 197.71

0 0.9296 0.0007 286.535
1 0.9296 0.0007 203.074

0 0.9303 0.0007 298.979
1 0.9303 0.0007 263.316

0 0.931 0.0007 307.73
1 0.931 0.0007 281.793

0 0.9317 0.0007 316.549
1 0.9317 0.0007 233.816

0 0.9324 0.0007 326.483
1 0.9324 0.0007 218.224

0 0.9331 0.0007 336.199
1 0.9331 0.0007 246.378

0 0.9338 0.0007 343.86
1 0.9338 0.0007 249.179

0 0.9345 0.0007 350.86
1 0.9345 0.0007 236.244

0 0.9352 0.0007 358.29
1 0.9352 0.0007 233.376

0 0.9359 0.0007 364.005
1 0.9359 0.0007 244.909

0 0.9366 0.0007 368.354
1 0.9366 0.0007 239.691

0 0.9373 0.0007 371.705
1 0.9373 0.0007 248.328

0 0.938 0.0007 374.505
1 0.938 0.0007 234.147

0 0.9387 0.0007 376.452
1 0.9387 0.0007 252.025

0 0.9394 0.0007 377.42
1 0.9394 0.0007 236.431

0 0.9401 0.0007 377.857
1 0.9401 0.0007 214.081

0 0.9408 0.0007 379.317
1 0.9408 0.0007 320.467

0 0.9415 0.0007 371.239
1 0.9415 0.0007 252.272

0 0.9422 0.0007 367.226
1 0.9422 0.0007 215.079

0 0.9429 0.0007 364.681
1 0.9429 0.0007 234.338

0 0.9436 0.0007 358.829
1 0.9436 0.0007 248.502

0 0.9443 0.0007 353.598
1 0.9443 0.0007 246.915

0 0.945 0.0007 347.608
1 0.945 0.0007 242.548

0 0.9457 0.0007 338.852
1 0.9457 0.0007 233.07

0 0.9464 0.0007 331.242
1 0.9464 0.0007 247.774

0 0.9471 0.0007 323.12
1 0.9471 0.0007 233.943

0 0.9478 0.0007 313.972
1 0.9478 0.0007 222.479

0 0.9485 0.0007 304.144
1 0.9485 0.0007 243.69

0 0.9492 0.0007 293.689
1 0.9492 0.0007 250.099

0 0.9499 0.0007 285.353
1 0.9499 0.0007 211.343

0 0.9506 0.0007 273.249
1 0.9506 0.0007 228.279

0 0.9513 0.0007 258.213
1 0.9513 0.0007 262.977

0 0.952 0.0007 250.042
1 0.952 0.0007 299.577

0 0.9527 0.0007 248.652
1 0.9527 0.0007 234.852

0 0.9534 0.0007 242.424
1 0.9534 0.0007 200.859

0 0.9541 0.0007 230.462
1 0.9541 0.0007 209.634

0 0.9548 0.0007 214.469
1 0.9548 0.0007 242.312

0 0.9555 0.0007 211.484
1 0.9555 0.0007 256.499

0 0.9562 0.0007 206.162
1 0.9562 0.0007 237.598

0 0.9569 0.0007 197.99
1 0.9569 0.0007 240.054

0 0.9576 0.0007 189.991
1 0.9576 0.0007 240.59

0 0.9583 0.0007 186.722
1 0.9583 0.0007 242.535

0 0.959 0.0007 183.108
1 0.959 0.0007 238.783

0 0.9597 0.0007 178.786
1 0.9597 0.0007 246.2

0 0.9604 0.0007 176.226
1 0.9604 0.0007 261.134

0 0.9611 0.0007 175.167
1 0.9611 0.0007 238.876

0 0.9618 0.0007 173.257
1 0.9618 0.0007 229.373

0 0.9625 0.0007 171.909
1 0.9625 0.0007 262.282

0 0.9632 0.0007 172.347
1 0.9632 0.0007 227.817

0 0.9639 0.0007 173.956
1 0.9639 0.0007 209.139

0 0.9646 0.0007 174.213
1 0.9646 0.0007 290.175

0 0.9653 0.0007 177.866
1 0.9653 0.0007 241.501

0 0.966 0.0007 182.292
1 0.966 0.0007 222.847

0 0.9667 0.0007 185.976
1 0.9667 0.0007 252.617

0 0.9674 0.0007 190.357
1 0.9674 0.0007 234.28

0 0.9681 0.0007 195.974
1 0.9681 0.0007 238.352

0 0.9688 0.0007 203.195
1 0.9688 0.0007 254.8

0 0.9695 0.0007 209.711
1 0.9695 0.0007 236.36

0 0.9702 0.0007 216.762
1 0.9702 0.0007 240.021

0 0.9709 0.0007 225.847
1 0.9709 0.0007 229.585

0 0.9716 0.0007 233.904
1 0.9716 0.0007 245.872

0 0.9723 0.0007 240.905
1 0.9723 0.0007 237.292

0 0.973 0.0007 248.985
1 0.973 0.0007 235.403

0 0.9737 0.0007 262.366
1 0.9737 0.0007 242.564

0 0.9744 0.0007 273.1
1 0.9744 0.0007 291.127

0 0.9751 0.0007 280.48
1 0.9751 0.0007 231.694

0 0.9758 0.0007 287.29
1 0.9758 0.0007 193.288

0 0.9765 0.0007 297.509
1 0.9765 0.0007 203.486

0 0.9772 0.0007 310.324
1 0.9772 0.0007 250.516

0 0.9779 0.0007 319.527
1 0.9779 0.0007 279.967

0 0.9786 0.0007 327.867
1 0.9786 0.0007 243.14

0 0.9793 0.0007 337.646
1 0.9793 0.0007 218.23

0 0.98 0.0007 347.521
1 0.98 0.0007 246.343

0 0.9807 0.0007 355.424
1 0.9807 0.0007 247.442

0 0.9814 0.0007 362.3
1 0.9814 0.0007 230.117

0 0.9821 0.0007 369.723
1 0.9821 0.0007 229.146

0 0.9828 0.0007 375.751
1 0.9828 0.0007 248.858

0 0.9835 0.0007 380.162
1 0.9835 0.0007 241.729

0 0.9842 0.0007 383.444
1 0.9842 0.0007 245.803

0 0.9849 0.0007 386.101
1 0.9849 0.0007 240.381

0 0.9856 0.0007 388.112
1 0.9856 0.0007 243.765

0 0.9863 0.0007 389.593
1 0.9863 0.0007 247.111

0 0.987 0.0007 389.687
1 0.987 0.0007 210.682

0 0.9877 0.0007 390.986
1 0.9877 0.0007 215.164

0 0.9884 0.0007 391.735
1 0.9884 0.0007 292.915

0 0.9891 0.0007 384.199
1 0.9891 0.0007 233.09

0 0.9898 0.0007 380.816
1 0.9898 0.0007 236.661

0 0.9905 0.0007 375.255
1 0.9905 0.0007 248.569

0 0.9912 0.0007 369.986
1 0.9912 0.0007 232.751

0 0.9919 0.0007 364.723
1 0.9919 0.0007 242.531

0 0.9926 0.0007 355.842
1 0.9926 0.0007 232.14

0 0.9933 0.0007 348.287
1 0.9933 0.0007 252.438

0 0.994 0.0007 340.403
1 0.994 0.0007 237.48

0 0.9947 0.0007 331.557
1 0.9947 0.0007 230.65

0 0.9954 0.0007 321.781
1 0.9954 0.0007 240.488

0 0.9961 0.0007 310.902
1 0.9961 0.0007 253.192

0 0.9968 0.0007 302.607
1 0.9968 0.0007 207.267

0 0.9975 0.0007 291.739
1 0.9975 0.0007 223.14

0 0.9982 0.0007 277.225
1 0.9982 0.0007 257.39

0 0.9989 0.0007 267.139
1 0.9989 0.0007 305.793

0 0.9996 0.0007 266.236
1 0.9996 0.0007 245.035

0 1.0003 0.0007 260.677
1 1.0003 0.0007 201.782

0 1.001 0.0007 249.401
1 1.001 0.0007 205.274

0 1.0017 0.0007 233.445
1 1.0017 0.0007 242.355

0 1.0024 0.0007 228.689
1 1.0024 0.0007 256.768

0 1.0031 0.0007 223.778
1 1.0031 0.0007 238.79

0 1.0038 0.0007 215.694
1 1.0038 0.0007 229.188

0 1.0045 0.0007 207.451
1 1.0045 0.0007 246.235

0 1.0052 0.0007 203.55
1 1.0052 0.0007 238.354

0 1.0059 0.0007 200.269
1 1.0059 0.0007 242.176

0 1.0066 0.0007 195.979
1 1.0066 0.0007 241.956

0 1.0073 0.0007 192.755
1 1.0073 0.0007 258.074

0 1.008 0.0007 191.337
1 1.008 0.0007 247.814

0 1.0087 0.0007 190.04
1 1.0087 0.0007 232.837

0 1.0094 0.0007 188.139
1 1.0094 0.0007 249.532

0 1.0101 0.0007 188.576
1 1.0101 0.0007 232.374

0 1.0108 0.0007 189.601
1 1.0108 0.0007 206.506

0 1.0115 0.0007 189.678
1 1.0115 0.0007 298.608

0 1.0122 0.0007 193.288
1 1.0122 0.0007 237.219

0 1.0129 0.0007 197.239
1 1.0129 0.0007 224.34

0 1.0136 0.0007 201.451
1 1.0136 0.0007 255.136

0 1.0143 0.0007 205.74
1 1.0143 0.0007 231.488

0 1.015 0.0007 210.603
1 1.015 0.0007 236.775

0 1.0157 0.0007 217.337
1 1.0157 0.0007 252.05

0 1.0164 0.0007 224.03
1 1.0164 0.0007 242.493

0 1.0171 0.0007 230.827
1 1.0171 0.0007 241.06

0 1.0178 0.0007 239.753
1 1.0178 0.0007 227.371

0 1.0185 0.0007 248.045
1 1.0185 0.0007 243.455

0 1.0192 0.0007 255.264
1 1.0192 0.0007 243.134

0 1.0199 0.0007 262.688
1 1.0199 0.0007 238.041

0 1.0206 0.0007 275.621
1 1.0206 0.0007 237.672

0 1.0213 0.0007 286.962
1 1.0213 0.0007 279.977

0 1.022 0.0007 294.179
1 1.022 0.0007 245.744

0 1.0227 0.0007 301.039
1 1.0227 0.0007 194.442

0 1.0234 0.0007 310.423
1 1.0234 0.0007 203.541

0 1.0241 0.0007 323.631
1 1.0241 0.0007 233.171

0 1.0248 0.0007 333.203
1 1.0248 0.0007 289.202

0 1.0255 0.0007 341.483
1 1.0255 0.0007 247.324

0 1.0262 0.0007 350.884
1 1.0262 0.0007 217.706

0 1.0269 0.0007 360.864
1 1.0269 0.0007 246.307

0 1.0276 0.0007 369.071
1 1.0276 0.0007 249.329

0 1.0283 0.0007 375.92
1 1.0283 0.0007 233.323

0 1.029 0.0007 383.296
1 1.029 0.0007 232.969

0 1.0297 0.0007 389.393
1 1.0297 0.0007 246.931

0 1.0304 0.0007 394.207
1 1.0304 0.0007 239.194

0 1.0311 0.0007 397.503
1 1.0311 0.0007 245.247

0 1.0318 0.0007 400.443
1 1.0318 0.0007 236.22

0 1.0325 0.0007 402.705
1 1.0325 0.0007 249.892

0 1.0332 0.0007 404.261
1 1.0332 0.0007 251.028

