#Turbine    Time(s)    dt(s)    blade 1 azimuth angle (degrees)
0 1.302 0.0007 180
1 1.302 0.0007 180

0 1.3027 0.0007 180
1 1.3027 0.0007 180

0 1.3034 0.0007 180
1 1.3034 0.0007 181.787

0 1.3041 0.0007 180
1 1.3041 0.0007 183.574

0 1.3048 0.0007 180
1 1.3048 0.0007 185.361

0 1.3055 0.0007 180
1 1.3055 0.0007 187.148

0 1.3062 0.0007 180
1 1.3062 0.0007 188.935

0 1.3069 0.0007 180
1 1.3069 0.0007 190.723

0 1.3076 0.0007 180
1 1.3076 0.0007 192.51

0 1.3083 0.0007 180
1 1.3083 0.0007 194.297

0 1.309 0.0007 180
1 1.309 0.0007 196.084

0 1.3097 0.0007 180
1 1.3097 0.0007 197.871

0 1.3104 0.0007 180
1 1.3104 0.0007 199.658

0 1.3111 0.0007 180
1 1.3111 0.0007 201.445

0 1.3118 0.0007 180
1 1.3118 0.0007 203.232

0 1.3125 0.0007 180
1 1.3125 0.0007 205.019

0 1.3132 0.0007 180
1 1.3132 0.0007 206.806

0 1.3139 0.0007 180
1 1.3139 0.0007 208.594

0 1.3146 0.0007 180
1 1.3146 0.0007 210.381

0 1.3153 0.0007 180
1 1.3153 0.0007 212.168

0 1.316 0.0007 180
1 1.316 0.0007 213.955

0 1.3167 0.0007 180
1 1.3167 0.0007 215.742

0 1.3174 0.0007 180
1 1.3174 0.0007 217.529

0 1.3181 0.0007 180
1 1.3181 0.0007 219.316

0 1.3188 0.0007 180
1 1.3188 0.0007 221.103

0 1.3195 0.0007 180
1 1.3195 0.0007 222.89

0 1.3202 0.0007 180
1 1.3202 0.0007 224.677

0 1.3209 0.0007 180
1 1.3209 0.0007 226.465

0 1.3216 0.0007 180
1 1.3216 0.0007 228.252

0 1.3223 0.0007 180
1 1.3223 0.0007 230.039

0 1.323 0.0007 180
1 1.323 0.0007 231.826

0 1.3237 0.0007 180
1 1.3237 0.0007 233.613

0 1.3244 0.0007 180
1 1.3244 0.0007 235.4

0 1.3251 0.0007 180
1 1.3251 0.0007 237.187

0 1.3258 0.0007 180
1 1.3258 0.0007 238.974

0 1.3265 0.0007 180
1 1.3265 0.0007 240.761

0 1.3272 0.0007 180
1 1.3272 0.0007 242.549

0 1.3279 0.0007 180
1 1.3279 0.0007 244.336

0 1.3286 0.0007 180
1 1.3286 0.0007 246.123

0 1.3293 0.0007 180
1 1.3293 0.0007 247.91

0 1.33 0.0007 180
1 1.33 0.0007 249.697

0 1.3307 0.0007 180
1 1.3307 0.0007 251.484

0 1.3314 0.0007 180
1 1.3314 0.0007 253.271

0 1.3321 0.0007 180
1 1.3321 0.0007 255.058

0 1.3328 0.0007 180
1 1.3328 0.0007 256.845

0 1.3335 0.0007 180
1 1.3335 0.0007 258.632

0 1.3342 0.0007 180
1 1.3342 0.0007 260.42

0 1.3349 0.0007 180
1 1.3349 0.0007 262.207

0 1.3356 0.0007 180
1 1.3356 0.0007 263.994

0 1.3363 0.0007 180
1 1.3363 0.0007 265.781

0 1.337 0.0007 180
1 1.337 0.0007 267.568

0 1.3377 0.0007 180
1 1.3377 0.0007 269.355

0 1.3384 0.0007 180
1 1.3384 0.0007 271.142

0 1.3391 0.0007 180
1 1.3391 0.0007 272.929

0 1.3398 0.0007 180
1 1.3398 0.0007 274.716

0 1.3405 0.0007 180
1 1.3405 0.0007 276.503

0 1.3412 0.0007 180
1 1.3412 0.0007 278.291

0 1.3419 0.0007 180
1 1.3419 0.0007 280.078

0 1.3426 0.0007 180
1 1.3426 0.0007 281.865

0 1.3433 0.0007 180
1 1.3433 0.0007 283.652

0 1.344 0.0007 180
1 1.344 0.0007 285.439

0 1.3447 0.0007 180
1 1.3447 0.0007 287.226

0 1.3454 0.0007 180
1 1.3454 0.0007 289.013

0 1.3461 0.0007 180
1 1.3461 0.0007 290.8

0 1.3468 0.0007 180
1 1.3468 0.0007 292.587

0 1.3475 0.0007 180
1 1.3475 0.0007 294.374

0 1.3482 0.0007 180
1 1.3482 0.0007 296.162

0 1.3489 0.0007 180
1 1.3489 0.0007 297.949

0 1.3496 0.0007 180
1 1.3496 0.0007 299.736

0 1.3503 0.0007 180
1 1.3503 0.0007 301.523

0 1.351 0.0007 180
1 1.351 0.0007 303.31

0 1.3517 0.0007 180
1 1.3517 0.0007 305.097

0 1.3524 0.0007 180
1 1.3524 0.0007 306.884

0 1.3531 0.0007 180
1 1.3531 0.0007 308.671

0 1.3538 0.0007 180
1 1.3538 0.0007 310.458

0 1.3545 0.0007 180
1 1.3545 0.0007 312.245

0 1.3552 0.0007 180
1 1.3552 0.0007 314.033

0 1.3559 0.0007 180
1 1.3559 0.0007 315.82

0 1.3566 0.0007 180
1 1.3566 0.0007 317.607

0 1.3573 0.0007 180
1 1.3573 0.0007 319.394

0 1.358 0.0007 180
1 1.358 0.0007 321.181

0 1.3587 0.0007 180
1 1.3587 0.0007 322.968

0 1.3594 0.0007 180
1 1.3594 0.0007 324.755

0 1.3601 0.0007 180
1 1.3601 0.0007 326.542

0 1.3608 0.0007 180
1 1.3608 0.0007 328.329

0 1.3615 0.0007 180
1 1.3615 0.0007 330.116

0 1.3622 0.0007 180
1 1.3622 0.0007 331.904

0 1.3629 0.0007 180
1 1.3629 0.0007 333.691

0 1.3636 0.0007 180
1 1.3636 0.0007 335.478

0 1.3643 0.0007 180
1 1.3643 0.0007 337.265

0 1.365 0.0007 180
1 1.365 0.0007 339.052

0 1.3657 0.0007 180
1 1.3657 0.0007 340.839

0 1.3664 0.0007 180
1 1.3664 0.0007 342.626

0 1.3671 0.0007 180
1 1.3671 0.0007 344.413

0 1.3678 0.0007 180
1 1.3678 0.0007 346.2

0 1.3685 0.0007 180
1 1.3685 0.0007 347.987

0 1.3692 0.0007 180
1 1.3692 0.0007 349.775

0 1.3699 0.0007 180
1 1.3699 0.0007 351.562

0 1.3706 0.0007 180
1 1.3706 0.0007 353.349

0 1.3713 0.0007 180
1 1.3713 0.0007 355.136

0 1.372 0.0007 180
1 1.372 0.0007 356.923

0 1.3727 0.0007 180
1 1.3727 0.0007 358.71

0 1.3734 0.0007 180
1 1.3734 0.0007 0.4971

0 1.3741 0.0007 180
1 1.3741 0.0007 2.2842

0 1.3748 0.0007 180
1 1.3748 0.0007 4.0713

0 1.3755 0.0007 180
1 1.3755 0.0007 5.8584

0 1.3762 0.0007 180
1 1.3762 0.0007 7.6455

0 1.3769 0.0007 180
1 1.3769 0.0007 9.4326

0 1.3776 0.0007 180
1 1.3776 0.0007 11.2197

0 1.3783 0.0007 180
1 1.3783 0.0007 13.0068

0 1.379 0.0007 180
1 1.379 0.0007 14.7939

0 1.3797 0.0007 180
1 1.3797 0.0007 16.581

0 1.3804 0.0007 180
1 1.3804 0.0007 18.3681

0 1.3811 0.0007 180
1 1.3811 0.0007 20.1552

0 1.3818 0.0007 180
1 1.3818 0.0007 21.9423

0 1.3825 0.0007 180
1 1.3825 0.0007 23.7294

0 1.3832 0.0007 180
1 1.3832 0.0007 25.5165

0 1.3839 0.0007 180
1 1.3839 0.0007 27.3036

0 1.3846 0.0007 180
1 1.3846 0.0007 29.0907

0 1.3853 0.0007 180
1 1.3853 0.0007 30.8778

0 1.386 0.0007 180
1 1.386 0.0007 32.6649

0 1.3867 0.0007 180
1 1.3867 0.0007 34.452

0 1.3874 0.0007 180
1 1.3874 0.0007 36.2391

0 1.3881 0.0007 180
1 1.3881 0.0007 38.0262

0 1.3888 0.0007 180
1 1.3888 0.0007 39.8133

0 1.3895 0.0007 180
1 1.3895 0.0007 41.6004

0 1.3902 0.0007 180
1 1.3902 0.0007 43.3875

0 1.3909 0.0007 180
1 1.3909 0.0007 45.1746

0 1.3916 0.0007 180
1 1.3916 0.0007 46.9617

0 1.3923 0.0007 180
1 1.3923 0.0007 48.7488

0 1.393 0.0007 180
1 1.393 0.0007 50.5359

0 1.3937 0.0007 180
1 1.3937 0.0007 52.323

0 1.3944 0.0007 180
1 1.3944 0.0007 54.1101

0 1.3951 0.0007 180
1 1.3951 0.0007 55.8972

0 1.3958 0.0007 180
1 1.3958 0.0007 57.6843

0 1.3965 0.0007 180
1 1.3965 0.0007 59.4714

0 1.3972 0.0007 180
1 1.3972 0.0007 61.2585

0 1.3979 0.0007 180
1 1.3979 0.0007 63.0456

0 1.3986 0.0007 180
1 1.3986 0.0007 64.8327

0 1.3993 0.0007 180
1 1.3993 0.0007 66.6198

0 1.4 0.0007 180
1 1.4 0.0007 68.4069

0 1.4007 0.0007 180
1 1.4007 0.0007 70.194

0 1.4014 0.0007 180
1 1.4014 0.0007 71.9811

0 1.4021 0.0007 180
1 1.4021 0.0007 73.7682

0 1.4028 0.0007 180
1 1.4028 0.0007 75.5553

0 1.4035 0.0007 180
1 1.4035 0.0007 77.3424

0 1.4042 0.0007 180
1 1.4042 0.0007 79.1295

0 1.4049 0.0007 180
1 1.4049 0.0007 80.9166

0 1.4056 0.0007 180
1 1.4056 0.0007 82.7037

0 1.4063 0.0007 180
1 1.4063 0.0007 84.4908

0 1.407 0.0007 180
1 1.407 0.0007 86.2779

0 1.4077 0.0007 180
1 1.4077 0.0007 88.065

0 1.4084 0.0007 180
1 1.4084 0.0007 89.8521

0 1.4091 0.0007 180
1 1.4091 0.0007 91.6392

0 1.4098 0.0007 180
1 1.4098 0.0007 93.4263

0 1.4105 0.0007 180
1 1.4105 0.0007 95.2134

0 1.4112 0.0007 180
1 1.4112 0.0007 97.0005

0 1.4119 0.0007 180
1 1.4119 0.0007 98.7876

0 1.4126 0.0007 180
1 1.4126 0.0007 100.575

0 1.4133 0.0007 180
1 1.4133 0.0007 102.362

0 1.414 0.0007 180
1 1.414 0.0007 104.149

0 1.4147 0.0007 180
1 1.4147 0.0007 105.936

0 1.4154 0.0007 180
1 1.4154 0.0007 107.723

0 1.4161 0.0007 180
1 1.4161 0.0007 109.51

0 1.4168 0.0007 180
1 1.4168 0.0007 111.297

0 1.4175 0.0007 180
1 1.4175 0.0007 113.084

0 1.4182 0.0007 180
1 1.4182 0.0007 114.872

0 1.4189 0.0007 180
1 1.4189 0.0007 116.659

0 1.4196 0.0007 180
1 1.4196 0.0007 118.446

0 1.4203 0.0007 180
1 1.4203 0.0007 120.233

0 1.421 0.0007 180
1 1.421 0.0007 122.02

0 1.4217 0.0007 180
1 1.4217 0.0007 123.807

0 1.4224 0.0007 180
1 1.4224 0.0007 125.594

0 1.4231 0.0007 180
1 1.4231 0.0007 127.381

0 1.4238 0.0007 180
1 1.4238 0.0007 129.168

0 1.4245 0.0007 180
1 1.4245 0.0007 130.955

0 1.4252 0.0007 180
1 1.4252 0.0007 132.743

0 1.4259 0.0007 180
1 1.4259 0.0007 134.53

0 1.4266 0.0007 180
1 1.4266 0.0007 136.317

0 1.4273 0.0007 180
1 1.4273 0.0007 138.104

0 1.428 0.0007 180
1 1.428 0.0007 139.891

0 1.4287 0.0007 180
1 1.4287 0.0007 141.678

0 1.4294 0.0007 180
1 1.4294 0.0007 143.465

0 1.4301 0.0007 180
1 1.4301 0.0007 145.252

0 1.4308 0.0007 180
1 1.4308 0.0007 147.039

0 1.4315 0.0007 180
1 1.4315 0.0007 148.826

0 1.4322 0.0007 180
1 1.4322 0.0007 150.614

0 1.4329 0.0007 180
1 1.4329 0.0007 152.401

0 1.4336 0.0007 180
1 1.4336 0.0007 154.188

0 1.4343 0.0007 180
1 1.4343 0.0007 155.975

0 1.435 0.0007 180
1 1.435 0.0007 157.762

0 1.4357 0.0007 180
1 1.4357 0.0007 159.549

0 1.4364 0.0007 180
1 1.4364 0.0007 161.336

0 1.4371 0.0007 180
1 1.4371 0.0007 163.123

0 1.4378 0.0007 180
1 1.4378 0.0007 164.91

0 1.4385 0.0007 180
1 1.4385 0.0007 166.697

0 1.4392 0.0007 180
1 1.4392 0.0007 168.485

0 1.4399 0.0007 180
1 1.4399 0.0007 170.272

0 1.4406 0.0007 180
1 1.4406 0.0007 172.059

0 1.4413 0.0007 180
1 1.4413 0.0007 173.846

0 1.442 0.0007 180
1 1.442 0.0007 175.633

0 1.4427 0.0007 180
1 1.4427 0.0007 177.42

0 1.4434 0.0007 180
1 1.4434 0.0007 179.207

0 1.4441 0.0007 180
1 1.4441 0.0007 180.994

0 1.4448 0.0007 180
1 1.4448 0.0007 182.781

0 1.4455 0.0007 180
1 1.4455 0.0007 184.568

0 1.4462 0.0007 180
1 1.4462 0.0007 186.356

0 1.4469 0.0007 180
1 1.4469 0.0007 188.143

0 1.4476 0.0007 180
1 1.4476 0.0007 189.93

0 1.4483 0.0007 180
1 1.4483 0.0007 191.717

0 1.449 0.0007 180
1 1.449 0.0007 193.504

0 1.4497 0.0007 180
1 1.4497 0.0007 195.291

0 1.4504 0.0007 180
1 1.4504 0.0007 197.078

0 1.4511 0.0007 180
1 1.4511 0.0007 198.865

0 1.4518 0.0007 180
1 1.4518 0.0007 200.652

0 1.4525 0.0007 180
1 1.4525 0.0007 202.439

0 1.4532 0.0007 180
1 1.4532 0.0007 204.227

0 1.4539 0.0007 180
1 1.4539 0.0007 206.014

0 1.4546 0.0007 180
1 1.4546 0.0007 207.801

0 1.4553 0.0007 180
1 1.4553 0.0007 209.588

0 1.456 0.0007 180
1 1.456 0.0007 211.375

0 1.4567 0.0007 180
1 1.4567 0.0007 213.162

0 1.4574 0.0007 180
1 1.4574 0.0007 214.949

0 1.4581 0.0007 180
1 1.4581 0.0007 216.736

0 1.4588 0.0007 180
1 1.4588 0.0007 218.523

0 1.4595 0.0007 180
1 1.4595 0.0007 220.31

0 1.4602 0.0007 180
1 1.4602 0.0007 222.098

0 1.4609 0.0007 180
1 1.4609 0.0007 223.885

0 1.4616 0.0007 180
1 1.4616 0.0007 225.672

0 1.4623 0.0007 180
1 1.4623 0.0007 227.459

0 1.463 0.0007 180
1 1.463 0.0007 229.246

0 1.4637 0.0007 180
1 1.4637 0.0007 231.033

0 1.4644 0.0007 180
1 1.4644 0.0007 232.82

0 1.4651 0.0007 180
1 1.4651 0.0007 234.607

0 1.4658 0.0007 180
1 1.4658 0.0007 236.394

0 1.4665 0.0007 180
1 1.4665 0.0007 238.181

0 1.4672 0.0007 180
1 1.4672 0.0007 239.969

0 1.4679 0.0007 180
1 1.4679 0.0007 241.756

0 1.4686 0.0007 180
1 1.4686 0.0007 243.543

0 1.4693 0.0007 180
1 1.4693 0.0007 245.33

0 1.47 0.0007 180
1 1.47 0.0007 247.117

0 1.4707 0.0007 180
1 1.4707 0.0007 248.904

0 1.4714 0.0007 180
1 1.4714 0.0007 250.691

0 1.4721 0.0007 180
1 1.4721 0.0007 252.478

0 1.4728 0.0007 180
1 1.4728 0.0007 254.265

0 1.4735 0.0007 180
1 1.4735 0.0007 256.052

0 1.4742 0.0007 180
1 1.4742 0.0007 257.84

0 1.4749 0.0007 180
1 1.4749 0.0007 259.627

0 1.4756 0.0007 180
1 1.4756 0.0007 261.414

0 1.4763 0.0007 180
1 1.4763 0.0007 263.201

0 1.477 0.0007 180
1 1.477 0.0007 264.988

0 1.4777 0.0007 180
1 1.4777 0.0007 266.775

0 1.4784 0.0007 180
1 1.4784 0.0007 268.562

0 1.4791 0.0007 180
1 1.4791 0.0007 270.349

0 1.4798 0.0007 180
1 1.4798 0.0007 272.136

0 1.4805 0.0007 180
1 1.4805 0.0007 273.923

0 1.4812 0.0007 180
1 1.4812 0.0007 275.711

0 1.4819 0.0007 180
1 1.4819 0.0007 277.498

0 1.4826 0.0007 180
1 1.4826 0.0007 279.285

0 1.4833 0.0007 180
1 1.4833 0.0007 281.072

0 1.484 0.0007 180
1 1.484 0.0007 282.859

0 1.4847 0.0007 180
1 1.4847 0.0007 284.646

0 1.4854 0.0007 180
1 1.4854 0.0007 286.433

0 1.4861 0.0007 180
1 1.4861 0.0007 288.22

0 1.4868 0.0007 180
1 1.4868 0.0007 290.007

0 1.4875 0.0007 180
1 1.4875 0.0007 291.794

0 1.4882 0.0007 180
1 1.4882 0.0007 293.582

0 1.4889 0.0007 180
1 1.4889 0.0007 295.369

0 1.4896 0.0007 180
1 1.4896 0.0007 297.156

0 1.4903 0.0007 180
1 1.4903 0.0007 298.943

0 1.491 0.0007 180
1 1.491 0.0007 300.73

0 1.4917 0.0007 180
1 1.4917 0.0007 302.517

0 1.4924 0.0007 180
1 1.4924 0.0007 304.304

0 1.4931 0.0007 180
1 1.4931 0.0007 306.091

0 1.4938 0.0007 180
1 1.4938 0.0007 307.878

0 1.4945 0.0007 180
1 1.4945 0.0007 309.665

0 1.4952 0.0007 180
1 1.4952 0.0007 311.453

0 1.4959 0.0007 180
1 1.4959 0.0007 313.24

0 1.4966 0.0007 180
1 1.4966 0.0007 315.027

0 1.4973 0.0007 180
1 1.4973 0.0007 316.814

0 1.498 0.0007 180
1 1.498 0.0007 318.601

0 1.4987 0.0007 180
1 1.4987 0.0007 320.388

0 1.4994 0.0007 180
1 1.4994 0.0007 322.175

0 1.5001 0.0007 180
1 1.5001 0.0007 323.962

0 1.5008 0.0007 180
1 1.5008 0.0007 325.749

0 1.5015 0.0007 180
1 1.5015 0.0007 327.536

0 1.5022 0.0007 180
1 1.5022 0.0007 329.324

0 1.5029 0.0007 180
1 1.5029 0.0007 331.111

0 1.5036 0.0007 180
1 1.5036 0.0007 332.898

0 1.5043 0.0007 180
1 1.5043 0.0007 334.685

0 1.505 0.0007 180
1 1.505 0.0007 336.472

0 1.5057 0.0007 180
1 1.5057 0.0007 338.259

0 1.5064 0.0007 180
1 1.5064 0.0007 340.046

0 1.5071 0.0007 180
1 1.5071 0.0007 341.833

0 1.5078 0.0007 180
1 1.5078 0.0007 343.62

0 1.5085 0.0007 180
1 1.5085 0.0007 345.407

0 1.5092 0.0007 180
1 1.5092 0.0007 347.195

0 1.5099 0.0007 180
1 1.5099 0.0007 348.982

0 1.5106 0.0007 180
1 1.5106 0.0007 350.769

0 1.5113 0.0007 180
1 1.5113 0.0007 352.556

0 1.512 0.0007 180
1 1.512 0.0007 354.343

0 1.5127 0.0007 180
1 1.5127 0.0007 356.13

0 1.5134 0.0007 180
1 1.5134 0.0007 357.917

0 1.5141 0.0007 180
1 1.5141 0.0007 359.704

0 1.5148 0.0007 180
1 1.5148 0.0007 1.4913

0 1.5155 0.0007 180
1 1.5155 0.0007 3.2784

0 1.5162 0.0007 180
1 1.5162 0.0007 5.0655

0 1.5169 0.0007 180
1 1.5169 0.0007 6.8526

0 1.5176 0.0007 180
1 1.5176 0.0007 8.6397

0 1.5183 0.0007 180
1 1.5183 0.0007 10.4268

0 1.519 0.0007 180
1 1.519 0.0007 12.2139

0 1.5197 0.0007 180
1 1.5197 0.0007 14.001

0 1.5204 0.0007 180
1 1.5204 0.0007 15.7881

0 1.5211 0.0007 180
1 1.5211 0.0007 17.5752

0 1.5218 0.0007 180
1 1.5218 0.0007 19.3623

0 1.5225 0.0007 180
1 1.5225 0.0007 21.1494

0 1.5232 0.0007 180
1 1.5232 0.0007 22.9365

0 1.5239 0.0007 180
1 1.5239 0.0007 24.7236

0 1.5246 0.0007 180
1 1.5246 0.0007 26.5107

0 1.5253 0.0007 180
1 1.5253 0.0007 28.2978

0 1.526 0.0007 180
1 1.526 0.0007 30.0849

0 1.5267 0.0007 180
1 1.5267 0.0007 31.872

0 1.5274 0.0007 180
1 1.5274 0.0007 33.6591

0 1.5281 0.0007 180
1 1.5281 0.0007 35.4462

0 1.5288 0.0007 180
1 1.5288 0.0007 37.2333

0 1.5295 0.0007 180
1 1.5295 0.0007 39.0204

0 1.5302 0.0007 180
1 1.5302 0.0007 40.8075

0 1.5309 0.0007 180
1 1.5309 0.0007 42.5946

0 1.5316 0.0007 180
1 1.5316 0.0007 44.3817

0 1.5323 0.0007 180
1 1.5323 0.0007 46.1688

0 1.533 0.0007 180
1 1.533 0.0007 47.9559

0 1.5337 0.0007 180
1 1.5337 0.0007 49.743

0 1.5344 0.0007 180
1 1.5344 0.0007 51.5301

0 1.5351 0.0007 180
1 1.5351 0.0007 53.3172

0 1.5358 0.0007 180
1 1.5358 0.0007 55.1043

0 1.5365 0.0007 180
1 1.5365 0.0007 56.8914

0 1.5372 0.0007 180
1 1.5372 0.0007 58.6785

0 1.5379 0.0007 180
1 1.5379 0.0007 60.4656

0 1.5386 0.0007 180
1 1.5386 0.0007 62.2527

0 1.5393 0.0007 180
1 1.5393 0.0007 64.0398

0 1.54 0.0007 180
1 1.54 0.0007 65.8269

0 1.5407 0.0007 180
1 1.5407 0.0007 67.614

0 1.5414 0.0007 180
1 1.5414 0.0007 69.4011

0 1.5421 0.0007 180
1 1.5421 0.0007 71.1882

0 1.5428 0.0007 180
1 1.5428 0.0007 72.9753

0 1.5435 0.0007 180
1 1.5435 0.0007 74.7624

0 1.5442 0.0007 180
1 1.5442 0.0007 76.5495

0 1.5449 0.0007 180
1 1.5449 0.0007 78.3366

0 1.5456 0.0007 180
1 1.5456 0.0007 80.1237

0 1.5463 0.0007 180
1 1.5463 0.0007 81.9108

0 1.547 0.0007 180
1 1.547 0.0007 83.6979

0 1.5477 0.0007 180
1 1.5477 0.0007 85.485

0 1.5484 0.0007 180
1 1.5484 0.0007 87.2721

0 1.5491 0.0007 180
1 1.5491 0.0007 89.0592

0 1.5498 0.0007 180
1 1.5498 0.0007 90.8463

0 1.5505 0.0007 180
1 1.5505 0.0007 92.6334

0 1.5512 0.0007 180
1 1.5512 0.0007 94.4205

0 1.5519 0.0007 180
1 1.5519 0.0007 96.2076

0 1.5526 0.0007 180
1 1.5526 0.0007 97.9947

0 1.5533 0.0007 180
1 1.5533 0.0007 99.7818

0 1.554 0.0007 180
1 1.554 0.0007 101.569

0 1.5547 0.0007 180
1 1.5547 0.0007 103.356

0 1.5554 0.0007 180
1 1.5554 0.0007 105.143

0 1.5561 0.0007 180
1 1.5561 0.0007 106.93

0 1.5568 0.0007 180
1 1.5568 0.0007 108.717

0 1.5575 0.0007 180
1 1.5575 0.0007 110.504

0 1.5582 0.0007 180
1 1.5582 0.0007 112.292

0 1.5589 0.0007 180
1 1.5589 0.0007 114.079

0 1.5596 0.0007 180
1 1.5596 0.0007 115.866

0 1.5603 0.0007 180
1 1.5603 0.0007 117.653

0 1.561 0.0007 180
1 1.561 0.0007 119.44

0 1.5617 0.0007 180
1 1.5617 0.0007 121.227

0 1.5624 0.0007 180
1 1.5624 0.0007 123.014

0 1.5631 0.0007 180
1 1.5631 0.0007 124.801

0 1.5638 0.0007 180
1 1.5638 0.0007 126.588

0 1.5645 0.0007 180
1 1.5645 0.0007 128.375

0 1.5652 0.0007 180
1 1.5652 0.0007 130.163

0 1.5659 0.0007 180
1 1.5659 0.0007 131.95

0 1.5666 0.0007 180
1 1.5666 0.0007 133.737

0 1.5673 0.0007 180
1 1.5673 0.0007 135.524

0 1.568 0.0007 180
1 1.568 0.0007 137.311

0 1.5687 0.0007 180
1 1.5687 0.0007 139.098

0 1.5694 0.0007 180
1 1.5694 0.0007 140.885

0 1.5701 0.0007 180
1 1.5701 0.0007 142.672

0 1.5708 0.0007 180
1 1.5708 0.0007 144.459

0 1.5715 0.0007 180
1 1.5715 0.0007 146.246

0 1.5722 0.0007 180
1 1.5722 0.0007 148.034

0 1.5729 0.0007 180
1 1.5729 0.0007 149.821

0 1.5736 0.0007 180
1 1.5736 0.0007 151.608

0 1.5743 0.0007 180
1 1.5743 0.0007 153.395

0 1.575 0.0007 180
1 1.575 0.0007 155.182

0 1.5757 0.0007 180
1 1.5757 0.0007 156.969

0 1.5764 0.0007 180
1 1.5764 0.0007 158.756

0 1.5771 0.0007 180
1 1.5771 0.0007 160.543

0 1.5778 0.0007 180
1 1.5778 0.0007 162.33

0 1.5785 0.0007 180
1 1.5785 0.0007 164.117

0 1.5792 0.0007 180
1 1.5792 0.0007 165.905

0 1.5799 0.0007 180
1 1.5799 0.0007 167.692

0 1.5806 0.0007 180
1 1.5806 0.0007 169.479

0 1.5813 0.0007 180
1 1.5813 0.0007 171.266

0 1.582 0.0007 180
1 1.582 0.0007 173.053

0 1.5827 0.0007 180
1 1.5827 0.0007 174.84

0 1.5834 0.0007 180
1 1.5834 0.0007 176.627

0 1.5841 0.0007 180
1 1.5841 0.0007 178.414

0 1.5848 0.0007 180
1 1.5848 0.0007 180.201

0 1.5855 0.0007 180
1 1.5855 0.0007 181.988

0 1.5862 0.0007 180
1 1.5862 0.0007 183.776

0 1.5869 0.0007 180
1 1.5869 0.0007 185.563

0 1.5876 0.0007 180
1 1.5876 0.0007 187.35

0 1.5883 0.0007 180
1 1.5883 0.0007 189.137

0 1.589 0.0007 180
1 1.589 0.0007 190.924

0 1.5897 0.0007 180
1 1.5897 0.0007 192.711

0 1.5904 0.0007 180
1 1.5904 0.0007 194.498

0 1.5911 0.0007 180
1 1.5911 0.0007 196.285

0 1.5918 0.0007 180
1 1.5918 0.0007 198.072

0 1.5925 0.0007 180
1 1.5925 0.0007 199.859

0 1.5932 0.0007 180
1 1.5932 0.0007 201.647

0 1.5939 0.0007 180
1 1.5939 0.0007 203.434

0 1.5946 0.0007 180
1 1.5946 0.0007 205.221

0 1.5953 0.0007 180
1 1.5953 0.0007 207.008

0 1.596 0.0007 180
1 1.596 0.0007 208.795

0 1.5967 0.0007 180
1 1.5967 0.0007 210.582

0 1.5974 0.0007 180
1 1.5974 0.0007 212.369

0 1.5981 0.0007 180
1 1.5981 0.0007 214.156

0 1.5988 0.0007 180
1 1.5988 0.0007 215.943

0 1.5995 0.0007 180
1 1.5995 0.0007 217.73

0 1.6002 0.0007 180
1 1.6002 0.0007 219.518

0 1.6009 0.0007 180
1 1.6009 0.0007 221.305

0 1.6016 0.0007 180
1 1.6016 0.0007 223.092

0 1.6023 0.0007 180
1 1.6023 0.0007 224.879

0 1.603 0.0007 180
1 1.603 0.0007 226.666

0 1.6037 0.0007 180
1 1.6037 0.0007 228.453

0 1.6044 0.0007 180
1 1.6044 0.0007 230.24

0 1.6051 0.0007 180
1 1.6051 0.0007 232.027

0 1.6058 0.0007 180
1 1.6058 0.0007 233.814

0 1.6065 0.0007 180
1 1.6065 0.0007 235.601

0 1.6072 0.0007 180
1 1.6072 0.0007 237.389

0 1.6079 0.0007 180
1 1.6079 0.0007 239.176

0 1.6086 0.0007 180
1 1.6086 0.0007 240.963

0 1.6093 0.0007 180
1 1.6093 0.0007 242.75

0 1.61 0.0007 180
1 1.61 0.0007 244.537

0 1.6107 0.0007 180
1 1.6107 0.0007 246.324

0 1.6114 0.0007 180
1 1.6114 0.0007 248.111

0 1.6121 0.0007 180
1 1.6121 0.0007 249.898

0 1.6128 0.0007 180
1 1.6128 0.0007 251.685

0 1.6135 0.0007 180
1 1.6135 0.0007 253.472

0 1.6142 0.0007 180
1 1.6142 0.0007 255.26

0 1.6149 0.0007 180
1 1.6149 0.0007 257.047

0 1.6156 0.0007 180
1 1.6156 0.0007 258.834

0 1.6163 0.0007 180
1 1.6163 0.0007 260.621

0 1.617 0.0007 180
1 1.617 0.0007 262.408

0 1.6177 0.0007 180
1 1.6177 0.0007 264.195

0 1.6184 0.0007 180
1 1.6184 0.0007 265.982

0 1.6191 0.0007 180
1 1.6191 0.0007 267.769

0 1.6198 0.0007 180
1 1.6198 0.0007 269.556

0 1.6205 0.0007 180
1 1.6205 0.0007 271.343

0 1.6212 0.0007 180
1 1.6212 0.0007 273.131

0 1.6219 0.0007 180
1 1.6219 0.0007 274.918

0 1.6226 0.0007 180
1 1.6226 0.0007 276.705

0 1.6233 0.0007 180
1 1.6233 0.0007 278.492

0 1.624 0.0007 180
1 1.624 0.0007 280.279

0 1.6247 0.0007 180
1 1.6247 0.0007 282.066

0 1.6254 0.0007 180
1 1.6254 0.0007 283.853

0 1.6261 0.0007 180
1 1.6261 0.0007 285.64

0 1.6268 0.0007 180
1 1.6268 0.0007 287.427

0 1.6275 0.0007 180
1 1.6275 0.0007 289.214

0 1.6282 0.0007 180
1 1.6282 0.0007 291.002

0 1.6289 0.0007 180
1 1.6289 0.0007 292.789

0 1.6296 0.0007 180
1 1.6296 0.0007 294.576

0 1.6303 0.0007 180
1 1.6303 0.0007 296.363

0 1.631 0.0007 180
1 1.631 0.0007 298.15

0 1.6317 0.0007 180
1 1.6317 0.0007 299.937

0 1.6324 0.0007 180
1 1.6324 0.0007 301.724

0 1.6331 0.0007 180
1 1.6331 0.0007 303.511

0 1.6338 0.0007 180
1 1.6338 0.0007 305.298

0 1.6345 0.0007 180
1 1.6345 0.0007 307.085

0 1.6352 0.0007 180
1 1.6352 0.0007 308.873

0 1.6359 0.0007 180
1 1.6359 0.0007 310.66

0 1.6366 0.0007 180
1 1.6366 0.0007 312.447

0 1.6373 0.0007 180
1 1.6373 0.0007 314.234

0 1.638 0.0007 180
1 1.638 0.0007 316.021

0 1.6387 0.0007 180
1 1.6387 0.0007 317.808

0 1.6394 0.0007 180
1 1.6394 0.0007 319.595

0 1.6401 0.0007 180
1 1.6401 0.0007 321.382

0 1.6408 0.0007 180
1 1.6408 0.0007 323.169

0 1.6415 0.0007 180
1 1.6415 0.0007 324.956

0 1.6422 0.0007 180
1 1.6422 0.0007 326.744

0 1.6429 0.0007 180
1 1.6429 0.0007 328.531

0 1.6436 0.0007 180
1 1.6436 0.0007 330.318

0 1.6443 0.0007 180
1 1.6443 0.0007 332.105

0 1.645 0.0007 180
1 1.645 0.0007 333.892

0 1.6457 0.0007 180
1 1.6457 0.0007 335.679

0 1.6464 0.0007 180
1 1.6464 0.0007 337.466

0 1.6471 0.0007 180
1 1.6471 0.0007 339.253

0 1.6478 0.0007 180
1 1.6478 0.0007 341.04

0 1.6485 0.0007 180
1 1.6485 0.0007 342.827

0 1.6492 0.0007 180
1 1.6492 0.0007 344.615

0 1.6499 0.0007 180
1 1.6499 0.0007 346.402

0 1.6506 0.0007 180
1 1.6506 0.0007 348.189

0 1.6513 0.0007 180
1 1.6513 0.0007 349.976

0 1.652 0.0007 180
1 1.652 0.0007 351.763

0 1.6527 0.0007 180
1 1.6527 0.0007 353.55

0 1.6534 0.0007 180
1 1.6534 0.0007 355.337

0 1.6541 0.0007 180
1 1.6541 0.0007 357.124

0 1.6548 0.0007 180
1 1.6548 0.0007 358.911

0 1.6555 0.0007 180
1 1.6555 0.0007 0.6984

0 1.6562 0.0007 180
1 1.6562 0.0007 2.4855

0 1.6569 0.0007 180
1 1.6569 0.0007 4.2726

0 1.6576 0.0007 180
1 1.6576 0.0007 6.0597

0 1.6583 0.0007 180
1 1.6583 0.0007 7.8468

0 1.659 0.0007 180
1 1.659 0.0007 9.6339

0 1.6597 0.0007 180
1 1.6597 0.0007 11.421

0 1.6604 0.0007 180
1 1.6604 0.0007 13.2081

0 1.6611 0.0007 180
1 1.6611 0.0007 14.9952

0 1.6618 0.0007 180
1 1.6618 0.0007 16.7823

0 1.6625 0.0007 180
1 1.6625 0.0007 18.5694

0 1.6632 0.0007 180
1 1.6632 0.0007 20.3565

0 1.6639 0.0007 180
1 1.6639 0.0007 22.1436

0 1.6646 0.0007 180
1 1.6646 0.0007 23.9307

0 1.6653 0.0007 180
1 1.6653 0.0007 25.7178

0 1.666 0.0007 180
1 1.666 0.0007 27.5049

0 1.6667 0.0007 180
1 1.6667 0.0007 29.292

0 1.6674 0.0007 180
1 1.6674 0.0007 31.0791

0 1.6681 0.0007 180
1 1.6681 0.0007 32.8662

0 1.6688 0.0007 180
1 1.6688 0.0007 34.6533

0 1.6695 0.0007 180
1 1.6695 0.0007 36.4404

0 1.6702 0.0007 180
1 1.6702 0.0007 38.2275

0 1.6709 0.0007 180
1 1.6709 0.0007 40.0146

0 1.6716 0.0007 180
1 1.6716 0.0007 41.8017

0 1.6723 0.0007 180
1 1.6723 0.0007 43.5888

0 1.673 0.0007 180
1 1.673 0.0007 45.3759

0 1.6737 0.0007 180
1 1.6737 0.0007 47.163

0 1.6744 0.0007 180
1 1.6744 0.0007 48.9501

0 1.6751 0.0007 180
1 1.6751 0.0007 50.7372

0 1.6758 0.0007 180
1 1.6758 0.0007 52.5243

0 1.6765 0.0007 180
1 1.6765 0.0007 54.3114

0 1.6772 0.0007 180
1 1.6772 0.0007 56.0985

0 1.6779 0.0007 180
1 1.6779 0.0007 57.8856

0 1.6786 0.0007 180
1 1.6786 0.0007 59.6727

0 1.6793 0.0007 180
1 1.6793 0.0007 61.4598

0 1.68 0.0007 180
1 1.68 0.0007 63.2469

0 1.6807 0.0007 180
1 1.6807 0.0007 65.034

0 1.6814 0.0007 180
1 1.6814 0.0007 66.8211

0 1.6821 0.0007 180
1 1.6821 0.0007 68.6082

0 1.6828 0.0007 180
1 1.6828 0.0007 70.3953

0 1.6835 0.0007 180
1 1.6835 0.0007 72.1824

0 1.6842 0.0007 180
1 1.6842 0.0007 73.9695

0 1.6849 0.0007 180
1 1.6849 0.0007 75.7566

0 1.6856 0.0007 180
1 1.6856 0.0007 77.5437

0 1.6863 0.0007 180
1 1.6863 0.0007 79.3308

0 1.687 0.0007 180
1 1.687 0.0007 81.1179

0 1.6877 0.0007 180
1 1.6877 0.0007 82.905

0 1.6884 0.0007 180
1 1.6884 0.0007 84.6921

0 1.6891 0.0007 180
1 1.6891 0.0007 86.4792

0 1.6898 0.0007 180
1 1.6898 0.0007 88.2663

0 1.6905 0.0007 180
1 1.6905 0.0007 90.0534

0 1.6912 0.0007 180
1 1.6912 0.0007 91.8405

0 1.6919 0.0007 180
1 1.6919 0.0007 93.6276

0 1.6926 0.0007 180
1 1.6926 0.0007 95.4147

0 1.6933 0.0007 180
1 1.6933 0.0007 97.2018

0 1.694 0.0007 180
1 1.694 0.0007 98.9889

0 1.6947 0.0007 180
1 1.6947 0.0007 100.776

0 1.6954 0.0007 180
1 1.6954 0.0007 102.563

0 1.6961 0.0007 180
1 1.6961 0.0007 104.35

0 1.6968 0.0007 180
1 1.6968 0.0007 106.137

0 1.6975 0.0007 180
1 1.6975 0.0007 107.924

0 1.6982 0.0007 180
1 1.6982 0.0007 109.712

0 1.6989 0.0007 180
1 1.6989 0.0007 111.499

0 1.6996 0.0007 180
1 1.6996 0.0007 113.286

0 1.7003 0.0007 180
1 1.7003 0.0007 115.073

0 1.701 0.0007 180
1 1.701 0.0007 116.86

0 1.7017 0.0007 180
1 1.7017 0.0007 118.647

0 1.7024 0.0007 180
1 1.7024 0.0007 120.434

0 1.7031 0.0007 180
1 1.7031 0.0007 122.221

0 1.7038 0.0007 180
1 1.7038 0.0007 124.008

0 1.7045 0.0007 180
1 1.7045 0.0007 125.795

0 1.7052 0.0007 180
1 1.7052 0.0007 127.583

0 1.7059 0.0007 180
1 1.7059 0.0007 129.37

0 1.7066 0.0007 180
1 1.7066 0.0007 131.157

0 1.7073 0.0007 180
1 1.7073 0.0007 132.944

0 1.708 0.0007 180
1 1.708 0.0007 134.731

0 1.7087 0.0007 180
1 1.7087 0.0007 136.518

0 1.7094 0.0007 180
1 1.7094 0.0007 138.305

0 1.7101 0.0007 180
1 1.7101 0.0007 140.092

0 1.7108 0.0007 180
1 1.7108 0.0007 141.879

0 1.7115 0.0007 180
1 1.7115 0.0007 143.666

0 1.7122 0.0007 180
1 1.7122 0.0007 145.454

0 1.7129 0.0007 180
1 1.7129 0.0007 147.241

0 1.7136 0.0007 180
1 1.7136 0.0007 149.028

0 1.7143 0.0007 180
1 1.7143 0.0007 150.815

0 1.715 0.0007 180
1 1.715 0.0007 152.602

0 1.7157 0.0007 180
1 1.7157 0.0007 154.389

0 1.7164 0.0007 180
1 1.7164 0.0007 156.176

0 1.7171 0.0007 180
1 1.7171 0.0007 157.963

0 1.7178 0.0007 180
1 1.7178 0.0007 159.75

0 1.7185 0.0007 180
1 1.7185 0.0007 161.537

0 1.7192 0.0007 180
1 1.7192 0.0007 163.325

0 1.7199 0.0007 180
1 1.7199 0.0007 165.112

0 1.7206 0.0007 180
1 1.7206 0.0007 166.899

0 1.7213 0.0007 180
1 1.7213 0.0007 168.686

0 1.722 0.0007 180
1 1.722 0.0007 170.473

0 1.7227 0.0007 180
1 1.7227 0.0007 172.26

0 1.7234 0.0007 180
1 1.7234 0.0007 174.047

0 1.7241 0.0007 180
1 1.7241 0.0007 175.834

0 1.7248 0.0007 180
1 1.7248 0.0007 177.621

0 1.7255 0.0007 180
1 1.7255 0.0007 179.408

0 1.7262 0.0007 180
1 1.7262 0.0007 181.196

0 1.7269 0.0007 180
1 1.7269 0.0007 182.983

0 1.7276 0.0007 180
1 1.7276 0.0007 184.77

0 1.7283 0.0007 180
1 1.7283 0.0007 186.557

0 1.729 0.0007 180
1 1.729 0.0007 188.344

0 1.7297 0.0007 180
1 1.7297 0.0007 190.131

0 1.7304 0.0007 180
1 1.7304 0.0007 191.918

0 1.7311 0.0007 180
1 1.7311 0.0007 193.705

0 1.7318 0.0007 180
1 1.7318 0.0007 195.492

0 1.7325 0.0007 180
1 1.7325 0.0007 197.279

0 1.7332 0.0007 180
1 1.7332 0.0007 199.067

0 1.7339 0.0007 180
1 1.7339 0.0007 200.854

0 1.7346 0.0007 180
1 1.7346 0.0007 202.641

0 1.7353 0.0007 180
1 1.7353 0.0007 204.428

0 1.736 0.0007 180
1 1.736 0.0007 206.215

0 1.7367 0.0007 180
1 1.7367 0.0007 208.002

0 1.7374 0.0007 180
1 1.7374 0.0007 209.789

0 1.7381 0.0007 180
1 1.7381 0.0007 211.576

0 1.7388 0.0007 180
1 1.7388 0.0007 213.363

0 1.7395 0.0007 180
1 1.7395 0.0007 215.15

0 1.7402 0.0007 180
1 1.7402 0.0007 216.938

0 1.7409 0.0007 180
1 1.7409 0.0007 218.725

0 1.7416 0.0007 180
1 1.7416 0.0007 220.512

0 1.7423 0.0007 180
1 1.7423 0.0007 222.299

0 1.743 0.0007 180
1 1.743 0.0007 224.086

0 1.7437 0.0007 180
1 1.7437 0.0007 225.873

0 1.7444 0.0007 180
1 1.7444 0.0007 227.66

0 1.7451 0.0007 180
1 1.7451 0.0007 229.447

0 1.7458 0.0007 180
1 1.7458 0.0007 231.234

0 1.7465 0.0007 180
1 1.7465 0.0007 233.021

0 1.7472 0.0007 180
1 1.7472 0.0007 234.809

0 1.7479 0.0007 180
1 1.7479 0.0007 236.596

0 1.7486 0.0007 180
1 1.7486 0.0007 238.383

0 1.7493 0.0007 180
1 1.7493 0.0007 240.17

0 1.75 0.0007 180
1 1.75 0.0007 241.957

0 1.7507 0.0007 180
1 1.7507 0.0007 243.744

0 1.7514 0.0007 180
1 1.7514 0.0007 245.531

0 1.7521 0.0007 180
1 1.7521 0.0007 247.318

0 1.7528 0.0007 180
1 1.7528 0.0007 249.105

0 1.7535 0.0007 180
1 1.7535 0.0007 250.892

0 1.7542 0.0007 180
1 1.7542 0.0007 252.68

0 1.7549 0.0007 180
1 1.7549 0.0007 254.467

0 1.7556 0.0007 180
1 1.7556 0.0007 256.254

0 1.7563 0.0007 180
1 1.7563 0.0007 258.041

0 1.757 0.0007 180
1 1.757 0.0007 259.828

0 1.7577 0.0007 180
1 1.7577 0.0007 261.615

0 1.7584 0.0007 180
1 1.7584 0.0007 263.402

0 1.7591 0.0007 180
1 1.7591 0.0007 265.189

0 1.7598 0.0007 180
1 1.7598 0.0007 266.976

0 1.7605 0.0007 180
1 1.7605 0.0007 268.763

0 1.7612 0.0007 180
1 1.7612 0.0007 270.551

0 1.7619 0.0007 180
1 1.7619 0.0007 272.338

0 1.7626 0.0007 180
1 1.7626 0.0007 274.125

0 1.7633 0.0007 180
1 1.7633 0.0007 275.912

0 1.764 0.0007 180
1 1.764 0.0007 277.699

0 1.7647 0.0007 180
1 1.7647 0.0007 279.486

0 1.7654 0.0007 180
1 1.7654 0.0007 281.273

0 1.7661 0.0007 180
1 1.7661 0.0007 283.06

0 1.7668 0.0007 180
1 1.7668 0.0007 284.847

0 1.7675 0.0007 180
1 1.7675 0.0007 286.634

0 1.7682 0.0007 180
1 1.7682 0.0007 288.422

0 1.7689 0.0007 180
1 1.7689 0.0007 290.209

0 1.7696 0.0007 180
1 1.7696 0.0007 291.996

0 1.7703 0.0007 180
1 1.7703 0.0007 293.783

0 1.771 0.0007 180
1 1.771 0.0007 295.57

0 1.7717 0.0007 180
1 1.7717 0.0007 297.357

0 1.7724 0.0007 180
1 1.7724 0.0007 299.144

0 1.7731 0.0007 180
1 1.7731 0.0007 300.931

0 1.7738 0.0007 180
1 1.7738 0.0007 302.718

0 1.7745 0.0007 180
1 1.7745 0.0007 304.505

0 1.7752 0.0007 180
1 1.7752 0.0007 306.293

0 1.7759 0.0007 180
1 1.7759 0.0007 308.08

0 1.7766 0.0007 180
1 1.7766 0.0007 309.867

0 1.7773 0.0007 180
1 1.7773 0.0007 311.654

0 1.778 0.0007 180
1 1.778 0.0007 313.441

0 1.7787 0.0007 180
1 1.7787 0.0007 315.228

0 1.7794 0.0007 180
1 1.7794 0.0007 317.015

0 1.7801 0.0007 180
1 1.7801 0.0007 318.802

0 1.7808 0.0007 180
1 1.7808 0.0007 320.589

0 1.7815 0.0007 180
1 1.7815 0.0007 322.376

0 1.7822 0.0007 180
1 1.7822 0.0007 324.164

0 1.7829 0.0007 180
1 1.7829 0.0007 325.951

0 1.7836 0.0007 180
1 1.7836 0.0007 327.738

0 1.7843 0.0007 180
1 1.7843 0.0007 329.525

0 1.785 0.0007 180
1 1.785 0.0007 331.312

0 1.7857 0.0007 180
1 1.7857 0.0007 333.099

0 1.7864 0.0007 180
1 1.7864 0.0007 334.886

0 1.7871 0.0007 180
1 1.7871 0.0007 336.673

0 1.7878 0.0007 180
1 1.7878 0.0007 338.46

0 1.7885 0.0007 180
1 1.7885 0.0007 340.247

0 1.7892 0.0007 180
1 1.7892 0.0007 342.035

0 1.7899 0.0007 180
1 1.7899 0.0007 343.822

0 1.7906 0.0007 180
1 1.7906 0.0007 345.609

0 1.7913 0.0007 180
1 1.7913 0.0007 347.396

0 1.792 0.0007 180
1 1.792 0.0007 349.183

0 1.7927 0.0007 180
1 1.7927 0.0007 350.97

0 1.7934 0.0007 180
1 1.7934 0.0007 352.757

0 1.7941 0.0007 180
1 1.7941 0.0007 354.544

0 1.7948 0.0007 180
1 1.7948 0.0007 356.331

0 1.7955 0.0007 180
1 1.7955 0.0007 358.118

0 1.7962 0.0007 180
1 1.7962 0.0007 359.906

0 1.7969 0.0007 180
1 1.7969 0.0007 1.6926

0 1.7976 0.0007 180
1 1.7976 0.0007 3.4797

0 1.7983 0.0007 180
1 1.7983 0.0007 5.2668

0 1.799 0.0007 180
1 1.799 0.0007 7.0539

0 1.7997 0.0007 180
1 1.7997 0.0007 8.841

0 1.8004 0.0007 180
1 1.8004 0.0007 10.6281

0 1.8011 0.0007 180
1 1.8011 0.0007 12.4152

0 1.8018 0.0007 180
1 1.8018 0.0007 14.2023

0 1.8025 0.0007 180
1 1.8025 0.0007 15.9894

0 1.8032 0.0007 180
1 1.8032 0.0007 17.7765

0 1.8039 0.0007 180
1 1.8039 0.0007 19.5636

0 1.8046 0.0007 180
1 1.8046 0.0007 21.3507

0 1.8053 0.0007 180
1 1.8053 0.0007 23.1378

0 1.806 0.0007 180
1 1.806 0.0007 24.9249

0 1.8067 0.0007 180
1 1.8067 0.0007 26.712

0 1.8074 0.0007 180
1 1.8074 0.0007 28.4991

0 1.8081 0.0007 180
1 1.8081 0.0007 30.2862

0 1.8088 0.0007 180
1 1.8088 0.0007 32.0733

0 1.8095 0.0007 180
1 1.8095 0.0007 33.8604

0 1.8102 0.0007 180
1 1.8102 0.0007 35.6475

0 1.8109 0.0007 180
1 1.8109 0.0007 37.4346

0 1.8116 0.0007 180
1 1.8116 0.0007 39.2217

0 1.8123 0.0007 180
1 1.8123 0.0007 41.0088

0 1.813 0.0007 180
1 1.813 0.0007 42.7959

0 1.8137 0.0007 180
1 1.8137 0.0007 44.583

0 1.8144 0.0007 180
1 1.8144 0.0007 46.3701

0 1.8151 0.0007 180
1 1.8151 0.0007 48.1572

0 1.8158 0.0007 180
1 1.8158 0.0007 49.9443

0 1.8165 0.0007 180
1 1.8165 0.0007 51.7314

0 1.8172 0.0007 180
1 1.8172 0.0007 53.5185

0 1.8179 0.0007 180
1 1.8179 0.0007 55.3056

0 1.8186 0.0007 180
1 1.8186 0.0007 57.0927

0 1.8193 0.0007 180
1 1.8193 0.0007 58.8798

0 1.82 0.0007 180
1 1.82 0.0007 60.6669

0 1.8207 0.0007 180
1 1.8207 0.0007 62.454

0 1.8214 0.0007 180
1 1.8214 0.0007 64.2411

0 1.8221 0.0007 180
1 1.8221 0.0007 66.0282

0 1.8228 0.0007 180
1 1.8228 0.0007 67.8153

0 1.8235 0.0007 180
1 1.8235 0.0007 69.6024

0 1.8242 0.0007 180
1 1.8242 0.0007 71.3895

0 1.8249 0.0007 180
1 1.8249 0.0007 73.1766

0 1.8256 0.0007 180
1 1.8256 0.0007 74.9637

0 1.8263 0.0007 180
1 1.8263 0.0007 76.7508

0 1.827 0.0007 180
1 1.827 0.0007 78.5379

0 1.8277 0.0007 180
1 1.8277 0.0007 80.325

0 1.8284 0.0007 180
1 1.8284 0.0007 82.1121

0 1.8291 0.0007 180
1 1.8291 0.0007 83.8992

0 1.8298 0.0007 180
1 1.8298 0.0007 85.6863

0 1.8305 0.0007 180
1 1.8305 0.0007 87.4734

0 1.8312 0.0007 180
1 1.8312 0.0007 89.2605

0 1.8319 0.0007 180
1 1.8319 0.0007 91.0476

0 1.8326 0.0007 180
1 1.8326 0.0007 92.8347

0 1.8333 0.0007 180
1 1.8333 0.0007 94.6218

0 1.834 0.0007 180
1 1.834 0.0007 96.4089

0 1.8347 0.0007 180
1 1.8347 0.0007 98.196

0 1.8354 0.0007 180
1 1.8354 0.0007 99.9831

0 1.8361 0.0007 180
1 1.8361 0.0007 101.77

0 1.8368 0.0007 180
1 1.8368 0.0007 103.557

0 1.8375 0.0007 180
1 1.8375 0.0007 105.344

0 1.8382 0.0007 180
1 1.8382 0.0007 107.132

0 1.8389 0.0007 180
1 1.8389 0.0007 108.919

0 1.8396 0.0007 180
1 1.8396 0.0007 110.706

0 1.8403 0.0007 180
1 1.8403 0.0007 112.493

0 1.841 0.0007 180
1 1.841 0.0007 114.28

0 1.8417 0.0007 180
1 1.8417 0.0007 116.067

0 1.8424 0.0007 180
1 1.8424 0.0007 117.854

0 1.8431 0.0007 180
1 1.8431 0.0007 119.641

0 1.8438 0.0007 180
1 1.8438 0.0007 121.428

0 1.8445 0.0007 180
1 1.8445 0.0007 123.215

0 1.8452 0.0007 180
1 1.8452 0.0007 125.003

0 1.8459 0.0007 180
1 1.8459 0.0007 126.79

0 1.8466 0.0007 180
1 1.8466 0.0007 128.577

0 1.8473 0.0007 180
1 1.8473 0.0007 130.364

0 1.848 0.0007 180
1 1.848 0.0007 132.151

0 1.8487 0.0007 180
1 1.8487 0.0007 133.938

0 1.8494 0.0007 180
1 1.8494 0.0007 135.725

0 1.8501 0.0007 180
1 1.8501 0.0007 137.512

0 1.8508 0.0007 180
1 1.8508 0.0007 139.299

0 1.8515 0.0007 180
1 1.8515 0.0007 141.086

0 1.8522 0.0007 180
1 1.8522 0.0007 142.874

0 1.8529 0.0007 180
1 1.8529 0.0007 144.661

0 1.8536 0.0007 180
1 1.8536 0.0007 146.448

0 1.8543 0.0007 180
1 1.8543 0.0007 148.235

0 1.855 0.0007 180
1 1.855 0.0007 150.022

0 1.8557 0.0007 180
1 1.8557 0.0007 151.809

0 1.8564 0.0007 180
1 1.8564 0.0007 153.596

0 1.8571 0.0007 180
1 1.8571 0.0007 155.383

0 1.8578 0.0007 180
1 1.8578 0.0007 157.17

0 1.8585 0.0007 180
1 1.8585 0.0007 158.957

0 1.8592 0.0007 180
1 1.8592 0.0007 160.745

0 1.8599 0.0007 180
1 1.8599 0.0007 162.532

0 1.8606 0.0007 180
1 1.8606 0.0007 164.319

0 1.8613 0.0007 180
1 1.8613 0.0007 166.106

0 1.862 0.0007 180
1 1.862 0.0007 167.893

0 1.8627 0.0007 180
1 1.8627 0.0007 169.68

0 1.8634 0.0007 180
1 1.8634 0.0007 171.467

0 1.8641 0.0007 180
1 1.8641 0.0007 173.254

0 1.8648 0.0007 180
1 1.8648 0.0007 175.041

0 1.8655 0.0007 180
1 1.8655 0.0007 176.828

0 1.8662 0.0007 180
1 1.8662 0.0007 178.616

0 1.8669 0.0007 180
1 1.8669 0.0007 180.403

0 1.8676 0.0007 180
1 1.8676 0.0007 182.19

0 1.8683 0.0007 180
1 1.8683 0.0007 183.977

0 1.869 0.0007 180
1 1.869 0.0007 185.764

0 1.8697 0.0007 180
1 1.8697 0.0007 187.551

0 1.8704 0.0007 180
1 1.8704 0.0007 189.338

0 1.8711 0.0007 180
1 1.8711 0.0007 191.125

0 1.8718 0.0007 180
1 1.8718 0.0007 192.912

0 1.8725 0.0007 180
1 1.8725 0.0007 194.699

0 1.8732 0.0007 180
1 1.8732 0.0007 196.487

0 1.8739 0.0007 180
1 1.8739 0.0007 198.274

0 1.8746 0.0007 180
1 1.8746 0.0007 200.061

0 1.8753 0.0007 180
1 1.8753 0.0007 201.848

0 1.876 0.0007 180
1 1.876 0.0007 203.635

0 1.8767 0.0007 180
1 1.8767 0.0007 205.422

0 1.8774 0.0007 180
1 1.8774 0.0007 207.209

0 1.8781 0.0007 180
1 1.8781 0.0007 208.996

0 1.8788 0.0007 180
1 1.8788 0.0007 210.783

0 1.8795 0.0007 180
1 1.8795 0.0007 212.57

0 1.8802 0.0007 180
1 1.8802 0.0007 214.358

0 1.8809 0.0007 180
1 1.8809 0.0007 216.145

0 1.8816 0.0007 180
1 1.8816 0.0007 217.932

0 1.8823 0.0007 180
1 1.8823 0.0007 219.719

0 1.883 0.0007 180
1 1.883 0.0007 221.506

0 1.8837 0.0007 180
1 1.8837 0.0007 223.293

0 1.8844 0.0007 180
1 1.8844 0.0007 225.08

0 1.8851 0.0007 180
1 1.8851 0.0007 226.867

0 1.8858 0.0007 180
1 1.8858 0.0007 228.654

0 1.8865 0.0007 180
1 1.8865 0.0007 230.441

0 1.8872 0.0007 180
1 1.8872 0.0007 232.229

0 1.8879 0.0007 180
1 1.8879 0.0007 234.016

0 1.8886 0.0007 180
1 1.8886 0.0007 235.803

0 1.8893 0.0007 180
1 1.8893 0.0007 237.59

0 1.89 0.0007 180
1 1.89 0.0007 239.377

0 1.8907 0.0007 180
1 1.8907 0.0007 241.164

0 1.8914 0.0007 180
1 1.8914 0.0007 242.951

0 1.8921 0.0007 180
1 1.8921 0.0007 244.738

0 1.8928 0.0007 180
1 1.8928 0.0007 246.525

0 1.8935 0.0007 180
1 1.8935 0.0007 248.312

0 1.8942 0.0007 180
1 1.8942 0.0007 250.1

0 1.8949 0.0007 180
1 1.8949 0.0007 251.887

0 1.8956 0.0007 180
1 1.8956 0.0007 253.674

0 1.8963 0.0007 180
1 1.8963 0.0007 255.461

0 1.897 0.0007 180
1 1.897 0.0007 257.248

0 1.8977 0.0007 180
1 1.8977 0.0007 259.035

0 1.8984 0.0007 180
1 1.8984 0.0007 260.822

0 1.8991 0.0007 180
1 1.8991 0.0007 262.609

0 1.8998 0.0007 180
1 1.8998 0.0007 264.396

0 1.9005 0.0007 180
1 1.9005 0.0007 266.183

0 1.9012 0.0007 180
1 1.9012 0.0007 267.971

0 1.9019 0.0007 180
1 1.9019 0.0007 269.758

0 1.9026 0.0007 180
1 1.9026 0.0007 271.545

0 1.9033 0.0007 180
1 1.9033 0.0007 273.332

0 1.904 0.0007 180
1 1.904 0.0007 275.119

0 1.9047 0.0007 180
1 1.9047 0.0007 276.906

0 1.9054 0.0007 180
1 1.9054 0.0007 278.693

0 1.9061 0.0007 180
1 1.9061 0.0007 280.48

0 1.9068 0.0007 180
1 1.9068 0.0007 282.267

0 1.9075 0.0007 180
1 1.9075 0.0007 284.054

0 1.9082 0.0007 180
1 1.9082 0.0007 285.842

0 1.9089 0.0007 180
1 1.9089 0.0007 287.629

0 1.9096 0.0007 180
1 1.9096 0.0007 289.416

0 1.9103 0.0007 180
1 1.9103 0.0007 291.203

0 1.911 0.0007 180
1 1.911 0.0007 292.99

0 1.9117 0.0007 180
1 1.9117 0.0007 294.777

0 1.9124 0.0007 180
1 1.9124 0.0007 296.564

0 1.9131 0.0007 180
1 1.9131 0.0007 298.351

0 1.9138 0.0007 180
1 1.9138 0.0007 300.138

0 1.9145 0.0007 180
1 1.9145 0.0007 301.925

0 1.9152 0.0007 180
1 1.9152 0.0007 303.713

0 1.9159 0.0007 180
1 1.9159 0.0007 305.5

0 1.9166 0.0007 180
1 1.9166 0.0007 307.287

0 1.9173 0.0007 180
1 1.9173 0.0007 309.074

0 1.918 0.0007 180
1 1.918 0.0007 310.861

0 1.9187 0.0007 180
1 1.9187 0.0007 312.648

0 1.9194 0.0007 180
1 1.9194 0.0007 314.435

0 1.9201 0.0007 180
1 1.9201 0.0007 316.222

0 1.9208 0.0007 180
1 1.9208 0.0007 318.009

0 1.9215 0.0007 180
1 1.9215 0.0007 319.796

0 1.9222 0.0007 180
1 1.9222 0.0007 321.584

0 1.9229 0.0007 180
1 1.9229 0.0007 323.371

0 1.9236 0.0007 180
1 1.9236 0.0007 325.158

0 1.9243 0.0007 180
1 1.9243 0.0007 326.945

0 1.925 0.0007 180
1 1.925 0.0007 328.732

0 1.9257 0.0007 180
1 1.9257 0.0007 330.519

0 1.9264 0.0007 180
1 1.9264 0.0007 332.306

0 1.9271 0.0007 180
1 1.9271 0.0007 334.093

0 1.9278 0.0007 180
1 1.9278 0.0007 335.88

0 1.9285 0.0007 180
1 1.9285 0.0007 337.667

0 1.9292 0.0007 180
1 1.9292 0.0007 339.455

0 1.9299 0.0007 180
1 1.9299 0.0007 341.242

0 1.9306 0.0007 180
1 1.9306 0.0007 343.029

0 1.9313 0.0007 180
1 1.9313 0.0007 344.816

0 1.932 0.0007 180
1 1.932 0.0007 346.603

0 1.9327 0.0007 180
1 1.9327 0.0007 348.39

0 1.9334 0.0007 180
1 1.9334 0.0007 350.177

0 1.9341 0.0007 180
1 1.9341 0.0007 351.964

0 1.9348 0.0007 180
1 1.9348 0.0007 353.751

0 1.9355 0.0007 180
1 1.9355 0.0007 355.538

0 1.9362 0.0007 180
1 1.9362 0.0007 357.326

0 1.9369 0.0007 180
1 1.9369 0.0007 359.113

0 1.9376 0.0007 180
1 1.9376 0.0007 0.8997

0 1.9383 0.0007 180
1 1.9383 0.0007 2.6868

0 1.939 0.0007 180
1 1.939 0.0007 4.4739

0 1.9397 0.0007 180
1 1.9397 0.0007 6.261

0 1.9404 0.0007 180
1 1.9404 0.0007 8.0481

0 1.9411 0.0007 180
1 1.9411 0.0007 9.8352

0 1.9418 0.0007 180
1 1.9418 0.0007 11.6223

0 1.9425 0.0007 180
1 1.9425 0.0007 13.4094

0 1.9432 0.0007 180
1 1.9432 0.0007 15.1965

0 1.9439 0.0007 180
1 1.9439 0.0007 16.9836

0 1.9446 0.0007 180
1 1.9446 0.0007 18.7707

0 1.9453 0.0007 180
1 1.9453 0.0007 20.5578

0 1.946 0.0007 180
1 1.946 0.0007 22.3449

0 1.9467 0.0007 180
1 1.9467 0.0007 24.132

0 1.9474 0.0007 180
1 1.9474 0.0007 25.9191

0 1.9481 0.0007 180
1 1.9481 0.0007 27.7062

0 1.9488 0.0007 180
1 1.9488 0.0007 29.4933

0 1.9495 0.0007 180
1 1.9495 0.0007 31.2804

0 1.9502 0.0007 180
1 1.9502 0.0007 33.0675

0 1.9509 0.0007 180
1 1.9509 0.0007 34.8546

0 1.9516 0.0007 180
1 1.9516 0.0007 36.6417

0 1.9523 0.0007 180
1 1.9523 0.0007 38.4288

0 1.953 0.0007 180
1 1.953 0.0007 40.2159

0 1.9537 0.0007 180
1 1.9537 0.0007 42.003

0 1.9544 0.0007 180
1 1.9544 0.0007 43.7901

0 1.9551 0.0007 180
1 1.9551 0.0007 45.5772

0 1.9558 0.0007 180
1 1.9558 0.0007 47.3643

0 1.9565 0.0007 180
1 1.9565 0.0007 49.1514

0 1.9572 0.0007 180
1 1.9572 0.0007 50.9385

0 1.9579 0.0007 180
1 1.9579 0.0007 52.7256

0 1.9586 0.0007 180
1 1.9586 0.0007 54.5127

0 1.9593 0.0007 180
1 1.9593 0.0007 56.2998

0 1.96 0.0007 180
1 1.96 0.0007 58.0869

0 1.9607 0.0007 180
1 1.9607 0.0007 59.874

0 1.9614 0.0007 180
1 1.9614 0.0007 61.6611

0 1.9621 0.0007 180
1 1.9621 0.0007 63.4482

0 1.9628 0.0007 180
1 1.9628 0.0007 65.2353

0 1.9635 0.0007 180
1 1.9635 0.0007 67.0224

0 1.9642 0.0007 180
1 1.9642 0.0007 68.8095

0 1.9649 0.0007 180
1 1.9649 0.0007 70.5966

0 1.9656 0.0007 180
1 1.9656 0.0007 72.3837

0 1.9663 0.0007 180
1 1.9663 0.0007 74.1708

0 1.967 0.0007 180
1 1.967 0.0007 75.9579

0 1.9677 0.0007 180
1 1.9677 0.0007 77.745

0 1.9684 0.0007 180
1 1.9684 0.0007 79.5321

0 1.9691 0.0007 180
1 1.9691 0.0007 81.3192

0 1.9698 0.0007 180
1 1.9698 0.0007 83.1063

0 1.9705 0.0007 180
1 1.9705 0.0007 84.8934

0 1.9712 0.0007 180
1 1.9712 0.0007 86.6805

0 1.9719 0.0007 180
1 1.9719 0.0007 88.4676

0 1.9726 0.0007 180
1 1.9726 0.0007 90.2547

0 1.9733 0.0007 180
1 1.9733 0.0007 92.0418

0 1.974 0.0007 180
1 1.974 0.0007 93.8289

0 1.9747 0.0007 180
1 1.9747 0.0007 95.616

0 1.9754 0.0007 180
1 1.9754 0.0007 97.4031

0 1.9761 0.0007 180
1 1.9761 0.0007 99.1902

0 1.9768 0.0007 180
1 1.9768 0.0007 100.977

0 1.9775 0.0007 180
1 1.9775 0.0007 102.764

0 1.9782 0.0007 180
1 1.9782 0.0007 104.552

0 1.9789 0.0007 180
1 1.9789 0.0007 106.339

0 1.9796 0.0007 180
1 1.9796 0.0007 108.126

0 1.9803 0.0007 180
1 1.9803 0.0007 109.913

0 1.981 0.0007 180
1 1.981 0.0007 111.7

0 1.9817 0.0007 180
1 1.9817 0.0007 113.487

0 1.9824 0.0007 180
1 1.9824 0.0007 115.274

0 1.9831 0.0007 180
1 1.9831 0.0007 117.061

0 1.9838 0.0007 180
1 1.9838 0.0007 118.848

0 1.9845 0.0007 180
1 1.9845 0.0007 120.635

0 1.9852 0.0007 180
1 1.9852 0.0007 122.423

0 1.9859 0.0007 180
1 1.9859 0.0007 124.21

0 1.9866 0.0007 180
1 1.9866 0.0007 125.997

0 1.9873 0.0007 180
1 1.9873 0.0007 127.784

0 1.988 0.0007 180
1 1.988 0.0007 129.571

0 1.9887 0.0007 180
1 1.9887 0.0007 131.358

0 1.9894 0.0007 180
1 1.9894 0.0007 133.145

0 1.9901 0.0007 180
1 1.9901 0.0007 134.932

0 1.9908 0.0007 180
1 1.9908 0.0007 136.719

0 1.9915 0.0007 180
1 1.9915 0.0007 138.506

0 1.9922 0.0007 180
1 1.9922 0.0007 140.294

0 1.9929 0.0007 180
1 1.9929 0.0007 142.081

0 1.9936 0.0007 180
1 1.9936 0.0007 143.868

0 1.9943 0.0007 180
1 1.9943 0.0007 145.655

0 1.995 0.0007 180
1 1.995 0.0007 147.442

0 1.9957 0.0007 180
1 1.9957 0.0007 149.229

0 1.9964 0.0007 180
1 1.9964 0.0007 151.016

0 1.9971 0.0007 180
1 1.9971 0.0007 152.803

0 1.9978 0.0007 180
1 1.9978 0.0007 154.59

0 1.9985 0.0007 180
1 1.9985 0.0007 156.377

0 1.9992 0.0007 180
1 1.9992 0.0007 158.165

0 1.9999 0.0007 180
1 1.9999 0.0007 159.952

0 2.0006 0.0007 180
1 2.0006 0.0007 161.739

0 2.0013 0.0007 180
1 2.0013 0.0007 163.526

0 2.002 0.0007 180
1 2.002 0.0007 165.313

0 2.0027 0.0007 180
1 2.0027 0.0007 167.1

0 2.0034 0.0007 180
1 2.0034 0.0007 168.887

0 2.0041 0.0007 180
1 2.0041 0.0007 170.674

0 2.0048 0.0007 180
1 2.0048 0.0007 172.461

0 2.0055 0.0007 180
1 2.0055 0.0007 174.248

0 2.0062 0.0007 180
1 2.0062 0.0007 176.036

0 2.0069 0.0007 180
1 2.0069 0.0007 177.823

0 2.0076 0.0007 180
1 2.0076 0.0007 179.61

0 2.0083 0.0007 180
1 2.0083 0.0007 181.397

0 2.009 0.0007 180
1 2.009 0.0007 183.184

0 2.0097 0.0007 180
1 2.0097 0.0007 184.971

0 2.0104 0.0007 180
1 2.0104 0.0007 186.758

0 2.0111 0.0007 180
1 2.0111 0.0007 188.545

0 2.0118 0.0007 180
1 2.0118 0.0007 190.332

0 2.0125 0.0007 180
1 2.0125 0.0007 192.119

0 2.0132 0.0007 180
1 2.0132 0.0007 193.907

0 2.0139 0.0007 180
1 2.0139 0.0007 195.694

0 2.0146 0.0007 180
1 2.0146 0.0007 197.481

0 2.0153 0.0007 180
1 2.0153 0.0007 199.268

0 2.016 0.0007 180
1 2.016 0.0007 201.055

0 2.0167 0.0007 180
1 2.0167 0.0007 202.842

0 2.0174 0.0007 180
1 2.0174 0.0007 204.629

0 2.0181 0.0007 180
1 2.0181 0.0007 206.416

0 2.0188 0.0007 180
1 2.0188 0.0007 208.203

0 2.0195 0.0007 180
1 2.0195 0.0007 209.99

0 2.0202 0.0007 180
1 2.0202 0.0007 211.778

0 2.0209 0.0007 180
1 2.0209 0.0007 213.565

0 2.0216 0.0007 180
1 2.0216 0.0007 215.352

0 2.0223 0.0007 180
1 2.0223 0.0007 217.139

0 2.023 0.0007 180
1 2.023 0.0007 218.926

0 2.0237 0.0007 180
1 2.0237 0.0007 220.713

0 2.0244 0.0007 180
1 2.0244 0.0007 222.5

0 2.0251 0.0007 180
1 2.0251 0.0007 224.287

0 2.0258 0.0007 180
1 2.0258 0.0007 226.074

0 2.0265 0.0007 180
1 2.0265 0.0007 227.861

0 2.0272 0.0007 180
1 2.0272 0.0007 229.649

0 2.0279 0.0007 180
1 2.0279 0.0007 231.436

0 2.0286 0.0007 180
1 2.0286 0.0007 233.223

0 2.0293 0.0007 180
1 2.0293 0.0007 235.01

0 2.03 0.0007 180
1 2.03 0.0007 236.797

0 2.0307 0.0007 180
1 2.0307 0.0007 238.584

0 2.0314 0.0007 180
1 2.0314 0.0007 240.371

0 2.0321 0.0007 180
1 2.0321 0.0007 242.158

0 2.0328 0.0007 180
1 2.0328 0.0007 243.945

0 2.0335 0.0007 180
1 2.0335 0.0007 245.732

0 2.0342 0.0007 180
1 2.0342 0.0007 247.52

0 2.0349 0.0007 180
1 2.0349 0.0007 249.307

0 2.0356 0.0007 180
1 2.0356 0.0007 251.094

0 2.0363 0.0007 180
1 2.0363 0.0007 252.881

0 2.037 0.0007 180
1 2.037 0.0007 254.668

0 2.0377 0.0007 180
1 2.0377 0.0007 256.455

0 2.0384 0.0007 180
1 2.0384 0.0007 258.242

0 2.0391 0.0007 180
1 2.0391 0.0007 260.029

0 2.0398 0.0007 180
1 2.0398 0.0007 261.816

0 2.0405 0.0007 180
1 2.0405 0.0007 263.603

0 2.0412 0.0007 180
1 2.0412 0.0007 265.391

0 2.0419 0.0007 180
1 2.0419 0.0007 267.178

0 2.0426 0.0007 180
1 2.0426 0.0007 268.965

0 2.0433 0.0007 180
1 2.0433 0.0007 270.752

0 2.044 0.0007 180
1 2.044 0.0007 272.539

0 2.0447 0.0007 180
1 2.0447 0.0007 274.326

0 2.0454 0.0007 180
1 2.0454 0.0007 276.113

0 2.0461 0.0007 180
1 2.0461 0.0007 277.9

0 2.0468 0.0007 180
1 2.0468 0.0007 279.687

0 2.0475 0.0007 180
1 2.0475 0.0007 281.474

0 2.0482 0.0007 180
1 2.0482 0.0007 283.262

0 2.0489 0.0007 180
1 2.0489 0.0007 285.049

0 2.0496 0.0007 180
1 2.0496 0.0007 286.836

0 2.0503 0.0007 180
1 2.0503 0.0007 288.623

0 2.051 0.0007 180
1 2.051 0.0007 290.41

0 2.0517 0.0007 180
1 2.0517 0.0007 292.197

0 2.0524 0.0007 180
1 2.0524 0.0007 293.984

0 2.0531 0.0007 180
1 2.0531 0.0007 295.771

0 2.0538 0.0007 180
1 2.0538 0.0007 297.558

0 2.0545 0.0007 180
1 2.0545 0.0007 299.345

0 2.0552 0.0007 180
1 2.0552 0.0007 301.133

0 2.0559 0.0007 180
1 2.0559 0.0007 302.92

0 2.0566 0.0007 180
1 2.0566 0.0007 304.707

0 2.0573 0.0007 180
1 2.0573 0.0007 306.494

0 2.058 0.0007 180
1 2.058 0.0007 308.281

0 2.0587 0.0007 180
1 2.0587 0.0007 310.068

0 2.0594 0.0007 180
1 2.0594 0.0007 311.855

0 2.0601 0.0007 180
1 2.0601 0.0007 313.642

0 2.0608 0.0007 180
1 2.0608 0.0007 315.429

0 2.0615 0.0007 180
1 2.0615 0.0007 317.216

0 2.0622 0.0007 180
1 2.0622 0.0007 319.004

0 2.0629 0.0007 180
1 2.0629 0.0007 320.791

0 2.0636 0.0007 180
1 2.0636 0.0007 322.578

0 2.0643 0.0007 180
1 2.0643 0.0007 324.365

0 2.065 0.0007 180
1 2.065 0.0007 326.152

0 2.0657 0.0007 180
1 2.0657 0.0007 327.939

0 2.0664 0.0007 180
1 2.0664 0.0007 329.726

0 2.0671 0.0007 180
1 2.0671 0.0007 331.513

0 2.0678 0.0007 180
1 2.0678 0.0007 333.3

0 2.0685 0.0007 180
1 2.0685 0.0007 335.087

0 2.0692 0.0007 180
1 2.0692 0.0007 336.875

0 2.0699 0.0007 180
1 2.0699 0.0007 338.662

0 2.0706 0.0007 180
1 2.0706 0.0007 340.449

0 2.0713 0.0007 180
1 2.0713 0.0007 342.236

0 2.072 0.0007 180
1 2.072 0.0007 344.023

0 2.0727 0.0007 180
1 2.0727 0.0007 345.81

0 2.0734 0.0007 180
1 2.0734 0.0007 347.597

0 2.0741 0.0007 180
1 2.0741 0.0007 349.384

0 2.0748 0.0007 180
1 2.0748 0.0007 351.171

0 2.0755 0.0007 180
1 2.0755 0.0007 352.958

0 2.0762 0.0007 180
1 2.0762 0.0007 354.746

0 2.0769 0.0007 180
1 2.0769 0.0007 356.533

0 2.0776 0.0007 180
1 2.0776 0.0007 358.32

0 2.0783 0.0007 180
1 2.0783 0.0007 0.1068

0 2.079 0.0007 180
1 2.079 0.0007 1.8939

0 2.0797 0.0007 180
1 2.0797 0.0007 3.681

0 2.0804 0.0007 180
1 2.0804 0.0007 5.4681

0 2.0811 0.0007 180
1 2.0811 0.0007 7.2552

0 2.0818 0.0007 180
1 2.0818 0.0007 9.0423

0 2.0825 0.0007 180
1 2.0825 0.0007 10.8294

0 2.0832 0.0007 180
1 2.0832 0.0007 12.6165

0 2.0839 0.0007 180
1 2.0839 0.0007 14.4036

0 2.0846 0.0007 180
1 2.0846 0.0007 16.1907

0 2.0853 0.0007 180
1 2.0853 0.0007 17.9778

0 2.086 0.0007 180
1 2.086 0.0007 19.7649

0 2.0867 0.0007 180
1 2.0867 0.0007 21.552

0 2.0874 0.0007 180
1 2.0874 0.0007 23.3391

0 2.0881 0.0007 180
1 2.0881 0.0007 25.1262

0 2.0888 0.0007 180
1 2.0888 0.0007 26.9133

0 2.0895 0.0007 180
1 2.0895 0.0007 28.7004

0 2.0902 0.0007 180
1 2.0902 0.0007 30.4875

0 2.0909 0.0007 180
1 2.0909 0.0007 32.2746

0 2.0916 0.0007 180
1 2.0916 0.0007 34.0617

0 2.0923 0.0007 180
1 2.0923 0.0007 35.8488

0 2.093 0.0007 180
1 2.093 0.0007 37.6359

0 2.0937 0.0007 180
1 2.0937 0.0007 39.423

0 2.0944 0.0007 180
1 2.0944 0.0007 41.2101

0 2.0951 0.0007 180
1 2.0951 0.0007 42.9972

0 2.0958 0.0007 180
1 2.0958 0.0007 44.7843

0 2.0965 0.0007 180
1 2.0965 0.0007 46.5714

0 2.0972 0.0007 180
1 2.0972 0.0007 48.3585

0 2.0979 0.0007 180
1 2.0979 0.0007 50.1456

0 2.0986 0.0007 180
1 2.0986 0.0007 51.9327

0 2.0993 0.0007 180
1 2.0993 0.0007 53.7198

0 2.1 0.0007 180
1 2.1 0.0007 55.5069

