#Turbine    Time(s)    dt(s)    rotor power (W)
0 1.302 0.0007 0
1 1.302 0.0007 10343.1

0 1.3027 0.0007 0
1 1.3027 0.0007 5864.35

0 1.3034 0.0007 0
1 1.3034 0.0007 2437.03

0 1.3041 0.0007 0
1 1.3041 0.0007 1373.95

0 1.3048 0.0007 0
1 1.3048 0.0007 1859.1

0 1.3055 0.0007 0
1 1.3055 0.0007 2292.09

0 1.3062 0.0007 0
1 1.3062 0.0007 3004.39

0 1.3069 0.0007 0
1 1.3069 0.0007 4111.01

0 1.3076 0.0007 0
1 1.3076 0.0007 5890.13

0 1.3083 0.0007 0
1 1.3083 0.0007 9091.76

0 1.309 0.0007 0
1 1.309 0.0007 10316.2

0 1.3097 0.0007 0
1 1.3097 0.0007 10824.2

0 1.3104 0.0007 0
1 1.3104 0.0007 11785.1

0 1.3111 0.0007 0
1 1.3111 0.0007 12029.4

0 1.3118 0.0007 -0
1 1.3118 0.0007 9914.7

0 1.3125 0.0007 -0
1 1.3125 0.0007 10571.2

0 1.3132 0.0007 -0
1 1.3132 0.0007 12100.7

0 1.3139 0.0007 -0
1 1.3139 0.0007 13900.9

0 1.3146 0.0007 -0
1 1.3146 0.0007 11179.4

0 1.3153 0.0007 -0
1 1.3153 0.0007 9419.02

0 1.316 0.0007 -0
1 1.316 0.0007 9606.06

0 1.3167 0.0007 -0
1 1.3167 0.0007 11191.4

0 1.3174 0.0007 -0
1 1.3174 0.0007 11847.4

0 1.3181 0.0007 -0
1 1.3181 0.0007 10617.3

0 1.3188 0.0007 -0
1 1.3188 0.0007 10951.2

0 1.3195 0.0007 -0
1 1.3195 0.0007 10996.6

0 1.3202 0.0007 -0
1 1.3202 0.0007 11101.6

0 1.3209 0.0007 -0
1 1.3209 0.0007 11115.3

0 1.3216 0.0007 -0
1 1.3216 0.0007 11346.7

0 1.3223 0.0007 -0
1 1.3223 0.0007 11575.7

0 1.323 0.0007 -0
1 1.323 0.0007 11186.3

0 1.3237 0.0007 -0
1 1.3237 0.0007 10485.7

0 1.3244 0.0007 -0
1 1.3244 0.0007 11610.4

0 1.3251 0.0007 -0
1 1.3251 0.0007 10436

0 1.3258 0.0007 -0
1 1.3258 0.0007 9701.82

0 1.3265 0.0007 -0
1 1.3265 0.0007 13346.2

0 1.3272 0.0007 -0
1 1.3272 0.0007 11153.9

0 1.3279 0.0007 -0
1 1.3279 0.0007 10207.8

0 1.3286 0.0007 -0
1 1.3286 0.0007 11551.7

0 1.3293 0.0007 -0
1 1.3293 0.0007 10730

0 1.33 0.0007 -0
1 1.33 0.0007 10774

0 1.3307 0.0007 -0
1 1.3307 0.0007 11477.3

0 1.3314 0.0007 -0
1 1.3314 0.0007 10932.8

0 1.3321 0.0007 -0
1 1.3321 0.0007 10972.1

0 1.3328 0.0007 -0
1 1.3328 0.0007 10542.9

0 1.3335 0.0007 -0
1 1.3335 0.0007 11254.3

0 1.3342 0.0007 -0
1 1.3342 0.0007 11012.6

0 1.3349 0.0007 -0
1 1.3349 0.0007 10826.1

0 1.3356 0.0007 -0
1 1.3356 0.0007 11014.7

0 1.3363 0.0007 -0
1 1.3363 0.0007 13368.1

0 1.337 0.0007 0
1 1.337 0.0007 10942.9

0 1.3377 0.0007 0
1 1.3377 0.0007 8961.63

0 1.3384 0.0007 0
1 1.3384 0.0007 9401.06

0 1.3391 0.0007 0
1 1.3391 0.0007 11455

0 1.3398 0.0007 0
1 1.3398 0.0007 13014.4

0 1.3405 0.0007 0
1 1.3405 0.0007 11386

0 1.3412 0.0007 0
1 1.3412 0.0007 10135

0 1.3419 0.0007 0
1 1.3419 0.0007 11316.6

0 1.3426 0.0007 0
1 1.3426 0.0007 11532.6

0 1.3433 0.0007 0
1 1.3433 0.0007 10605.1

0 1.344 0.0007 0
1 1.344 0.0007 10660.7

0 1.3447 0.0007 0
1 1.3447 0.0007 11183.4

0 1.3454 0.0007 0
1 1.3454 0.0007 11227.5

0 1.3461 0.0007 0
1 1.3461 0.0007 11195.6

0 1.3468 0.0007 0
1 1.3468 0.0007 10617

0 1.3475 0.0007 0
1 1.3475 0.0007 10913.8

0 1.3482 0.0007 0
1 1.3482 0.0007 10561.2

0 1.3489 0.0007 0
1 1.3489 0.0007 8974.79

0 1.3496 0.0007 0
1 1.3496 0.0007 8915.55

0 1.3503 0.0007 0
1 1.3503 0.0007 12212.2

0 1.351 0.0007 0
1 1.351 0.0007 9637.25

0 1.3517 0.0007 0
1 1.3517 0.0007 9598.95

0 1.3524 0.0007 0
1 1.3524 0.0007 9819.56

0 1.3531 0.0007 0
1 1.3531 0.0007 9720.52

0 1.3538 0.0007 0
1 1.3538 0.0007 10388.1

0 1.3545 0.0007 0
1 1.3545 0.0007 10069

0 1.3552 0.0007 0
1 1.3552 0.0007 10820.3

0 1.3559 0.0007 0
1 1.3559 0.0007 10379.5

0 1.3566 0.0007 0
1 1.3566 0.0007 10036.3

0 1.3573 0.0007 0
1 1.3573 0.0007 10555.6

0 1.358 0.0007 0
1 1.358 0.0007 11281.7

0 1.3587 0.0007 0
1 1.3587 0.0007 9265.61

0 1.3594 0.0007 0
1 1.3594 0.0007 9848.17

0 1.3601 0.0007 0
1 1.3601 0.0007 11452.3

0 1.3608 0.0007 0
1 1.3608 0.0007 13766

0 1.3615 0.0007 0
1 1.3615 0.0007 11022.7

0 1.3622 0.0007 0
1 1.3622 0.0007 8728.37

0 1.3629 0.0007 0
1 1.3629 0.0007 9304.16

0 1.3636 0.0007 0
1 1.3636 0.0007 10884.6

0 1.3643 0.0007 0
1 1.3643 0.0007 11342

0 1.365 0.0007 0
1 1.365 0.0007 10814.9

0 1.3657 0.0007 0
1 1.3657 0.0007 10350.2

0 1.3664 0.0007 -0
1 1.3664 0.0007 10920.1

0 1.3671 0.0007 -0
1 1.3671 0.0007 10814.3

0 1.3678 0.0007 -0
1 1.3678 0.0007 10874.9

0 1.3685 0.0007 -0
1 1.3685 0.0007 10949.2

0 1.3692 0.0007 -0
1 1.3692 0.0007 11491.3

0 1.3699 0.0007 -0
1 1.3699 0.0007 11318.9

0 1.3706 0.0007 -0
1 1.3706 0.0007 10427.7

0 1.3713 0.0007 -0
1 1.3713 0.0007 11094.5

0 1.372 0.0007 -0
1 1.372 0.0007 10597.6

0 1.3727 0.0007 0
1 1.3727 0.0007 9364.11

0 1.3734 0.0007 0
1 1.3734 0.0007 13507.4

0 1.3741 0.0007 0
1 1.3741 0.0007 10725.1

0 1.3748 0.0007 0
1 1.3748 0.0007 9889.66

0 1.3755 0.0007 0
1 1.3755 0.0007 11299.5

0 1.3762 0.0007 0
1 1.3762 0.0007 10548.5

0 1.3769 0.0007 0
1 1.3769 0.0007 10628.9

0 1.3776 0.0007 0
1 1.3776 0.0007 11499

0 1.3783 0.0007 0
1 1.3783 0.0007 10923.6

0 1.379 0.0007 0
1 1.379 0.0007 10808.6

0 1.3797 0.0007 0
1 1.3797 0.0007 10353.5

0 1.3804 0.0007 0
1 1.3804 0.0007 10937.4

0 1.3811 0.0007 0
1 1.3811 0.0007 11011.9

0 1.3818 0.0007 0
1 1.3818 0.0007 10696.9

0 1.3825 0.0007 0
1 1.3825 0.0007 10570.2

0 1.3832 0.0007 0
1 1.3832 0.0007 12549.7

0 1.3839 0.0007 0
1 1.3839 0.0007 11256

0 1.3846 0.0007 0
1 1.3846 0.0007 8846.8

0 1.3853 0.0007 0
1 1.3853 0.0007 9103.56

0 1.386 0.0007 0
1 1.386 0.0007 10366.9

0 1.3867 0.0007 0
1 1.3867 0.0007 12963.5

0 1.3874 0.0007 0
1 1.3874 0.0007 11148.8

0 1.3881 0.0007 0
1 1.3881 0.0007 9776.7

0 1.3888 0.0007 0
1 1.3888 0.0007 11101.7

0 1.3895 0.0007 0
1 1.3895 0.0007 11023.5

0 1.3902 0.0007 0
1 1.3902 0.0007 10574.9

0 1.3909 0.0007 0
1 1.3909 0.0007 10365.1

0 1.3916 0.0007 0
1 1.3916 0.0007 11109.7

0 1.3923 0.0007 0
1 1.3923 0.0007 10618.2

0 1.393 0.0007 0
1 1.393 0.0007 11021.5

0 1.3937 0.0007 0
1 1.3937 0.0007 10555.2

0 1.3944 0.0007 0
1 1.3944 0.0007 10993.8

0 1.3951 0.0007 0
1 1.3951 0.0007 11039.3

0 1.3958 0.0007 0
1 1.3958 0.0007 9280.06

0 1.3965 0.0007 0
1 1.3965 0.0007 9210.63

0 1.3972 0.0007 0
1 1.3972 0.0007 13538.7

0 1.3979 0.0007 0
1 1.3979 0.0007 10197

0 1.3986 0.0007 0
1 1.3986 0.0007 9881.2

0 1.3993 0.0007 0
1 1.3993 0.0007 10659.6

0 1.4 0.0007 0
1 1.4 0.0007 10500

0 1.4007 0.0007 0
1 1.4007 0.0007 10682.5

0 1.4014 0.0007 0
1 1.4014 0.0007 10546.1

0 1.4021 0.0007 0
1 1.4021 0.0007 10863.6

0 1.4028 0.0007 0
1 1.4028 0.0007 10663.6

0 1.4035 0.0007 0
1 1.4035 0.0007 10070.2

0 1.4042 0.0007 0
1 1.4042 0.0007 10595.3

0 1.4049 0.0007 0
1 1.4049 0.0007 11019

0 1.4056 0.0007 0
1 1.4056 0.0007 9569.49

0 1.4063 0.0007 0
1 1.4063 0.0007 9717.78

0 1.407 0.0007 0
1 1.407 0.0007 11150.1

0 1.4077 0.0007 0
1 1.4077 0.0007 13743.8

0 1.4084 0.0007 0
1 1.4084 0.0007 11570.8

0 1.4091 0.0007 0
1 1.4091 0.0007 8840.28

0 1.4098 0.0007 0
1 1.4098 0.0007 9073.56

0 1.4105 0.0007 0
1 1.4105 0.0007 10725.6

0 1.4112 0.0007 0
1 1.4112 0.0007 11069.2

0 1.4119 0.0007 0
1 1.4119 0.0007 10837.2

0 1.4126 0.0007 0
1 1.4126 0.0007 10150.3

0 1.4133 0.0007 0
1 1.4133 0.0007 11038.9

0 1.414 0.0007 0
1 1.414 0.0007 10577.1

0 1.4147 0.0007 0
1 1.4147 0.0007 10733.9

0 1.4154 0.0007 0
1 1.4154 0.0007 10710.1

0 1.4161 0.0007 0
1 1.4161 0.0007 11360.1

0 1.4168 0.0007 0
1 1.4168 0.0007 11334.6

0 1.4175 0.0007 0
1 1.4175 0.0007 10358.6

0 1.4182 0.0007 0
1 1.4182 0.0007 10796

0 1.4189 0.0007 0
1 1.4189 0.0007 10840.7

0 1.4196 0.0007 0
1 1.4196 0.0007 9653.82

0 1.4203 0.0007 0
1 1.4203 0.0007 13550.3

0 1.421 0.0007 0
1 1.421 0.0007 10989.5

0 1.4217 0.0007 0
1 1.4217 0.0007 10068.8

0 1.4224 0.0007 0
1 1.4224 0.0007 11107.2

0 1.4231 0.0007 0
1 1.4231 0.0007 10395.8

0 1.4238 0.0007 0
1 1.4238 0.0007 10420.3

0 1.4245 0.0007 0
1 1.4245 0.0007 11075.4

0 1.4252 0.0007 0
1 1.4252 0.0007 10972

0 1.4259 0.0007 0
1 1.4259 0.0007 10750

0 1.4266 0.0007 0
1 1.4266 0.0007 10322

0 1.4273 0.0007 0
1 1.4273 0.0007 10511.4

0 1.428 0.0007 0
1 1.428 0.0007 11102.2

0 1.4287 0.0007 0
1 1.4287 0.0007 10732.1

0 1.4294 0.0007 0
1 1.4294 0.0007 10350.5

0 1.4301 0.0007 0
1 1.4301 0.0007 12221.8

0 1.4308 0.0007 0
1 1.4308 0.0007 11593.7

0 1.4315 0.0007 0
1 1.4315 0.0007 8728.16

0 1.4322 0.0007 0
1 1.4322 0.0007 9081.05

0 1.4329 0.0007 0
1 1.4329 0.0007 9585.47

0 1.4336 0.0007 0
1 1.4336 0.0007 12637.7

0 1.4343 0.0007 0
1 1.4343 0.0007 11524.2

0 1.435 0.0007 0
1 1.435 0.0007 9678.37

0 1.4357 0.0007 0
1 1.4357 0.0007 10481.6

0 1.4364 0.0007 0
1 1.4364 0.0007 11085.6

0 1.4371 0.0007 0
1 1.4371 0.0007 10698.1

0 1.4378 0.0007 0
1 1.4378 0.0007 10170.9

0 1.4385 0.0007 0
1 1.4385 0.0007 11221.9

0 1.4392 0.0007 0
1 1.4392 0.0007 10818.7

0 1.4399 0.0007 0
1 1.4399 0.0007 10905.1

0 1.4406 0.0007 0
1 1.4406 0.0007 10468.6

0 1.4413 0.0007 0
1 1.4413 0.0007 10953.6

0 1.442 0.0007 0
1 1.442 0.0007 11411.6

0 1.4427 0.0007 0
1 1.4427 0.0007 9420.14

0 1.4434 0.0007 0
1 1.4434 0.0007 9244.07

0 1.4441 0.0007 0
1 1.4441 0.0007 13370.4

0 1.4448 0.0007 0
1 1.4448 0.0007 10746.5

0 1.4455 0.0007 0
1 1.4455 0.0007 9815.84

0 1.4462 0.0007 0
1 1.4462 0.0007 10819.7

0 1.4469 0.0007 0
1 1.4469 0.0007 10997.6

0 1.4476 0.0007 0
1 1.4476 0.0007 10792.5

0 1.4483 0.0007 0
1 1.4483 0.0007 10545.3

0 1.449 0.0007 0
1 1.449 0.0007 10466

0 1.4497 0.0007 0
1 1.4497 0.0007 10788.1

0 1.4504 0.0007 0
1 1.4504 0.0007 10192.1

0 1.4511 0.0007 0
1 1.4511 0.0007 10418.4

0 1.4518 0.0007 0
1 1.4518 0.0007 11275.4

0 1.4525 0.0007 0
1 1.4525 0.0007 9555.08

0 1.4532 0.0007 0
1 1.4532 0.0007 9634.63

0 1.4539 0.0007 0
1 1.4539 0.0007 10879.2

0 1.4546 0.0007 0
1 1.4546 0.0007 13748.7

0 1.4553 0.0007 0
1 1.4553 0.0007 11977.1

0 1.456 0.0007 0
1 1.456 0.0007 9291.13

0 1.4567 0.0007 0
1 1.4567 0.0007 8638.62

0 1.4574 0.0007 0
1 1.4574 0.0007 10334.9

0 1.4581 0.0007 0
1 1.4581 0.0007 11098.4

0 1.4588 0.0007 0
1 1.4588 0.0007 10615.8

0 1.4595 0.0007 0
1 1.4595 0.0007 10174.9

0 1.4602 0.0007 0
1 1.4602 0.0007 11056.7

0 1.4609 0.0007 0
1 1.4609 0.0007 10780.7

0 1.4616 0.0007 0
1 1.4616 0.0007 10783

0 1.4623 0.0007 0
1 1.4623 0.0007 10350.9

0 1.463 0.0007 0
1 1.463 0.0007 11116.4

0 1.4637 0.0007 0
1 1.4637 0.0007 11653.8

0 1.4644 0.0007 0
1 1.4644 0.0007 10098.9

0 1.4651 0.0007 0
1 1.4651 0.0007 10773.9

0 1.4658 0.0007 0
1 1.4658 0.0007 10862.1

0 1.4665 0.0007 0
1 1.4665 0.0007 9860.19

0 1.4672 0.0007 0
1 1.4672 0.0007 9179.91

0 1.4679 0.0007 0
1 1.4679 0.0007 12053.4

0 1.4686 0.0007 0
1 1.4686 0.0007 10327.5

0 1.4693 0.0007 0
1 1.4693 0.0007 11115.4

0 1.47 0.0007 0
1 1.47 0.0007 10691.5

0 1.4707 0.0007 0
1 1.4707 0.0007 9758.76

0 1.4714 0.0007 0
1 1.4714 0.0007 11076.8

0 1.4721 0.0007 0
1 1.4721 0.0007 11017.1

0 1.4728 0.0007 0
1 1.4728 0.0007 10770.5

0 1.4735 0.0007 0
1 1.4735 0.0007 10333.4

0 1.4742 0.0007 0
1 1.4742 0.0007 10403.7

0 1.4749 0.0007 0
1 1.4749 0.0007 11106.5

0 1.4756 0.0007 0
1 1.4756 0.0007 10586.4

0 1.4763 0.0007 0
1 1.4763 0.0007 10515.3

0 1.477 0.0007 0
1 1.477 0.0007 11556.3

0 1.4777 0.0007 0
1 1.4777 0.0007 12104.2

0 1.4784 0.0007 0
1 1.4784 0.0007 8830.54

0 1.4791 0.0007 0
1 1.4791 0.0007 9035.74

0 1.4798 0.0007 0
1 1.4798 0.0007 9067.55

0 1.4805 0.0007 0
1 1.4805 0.0007 12497.1

0 1.4812 0.0007 0
1 1.4812 0.0007 11877

0 1.4819 0.0007 0
1 1.4819 0.0007 9934.62

0 1.4826 0.0007 0
1 1.4826 0.0007 9993.78

0 1.4833 0.0007 0
1 1.4833 0.0007 11125.7

0 1.484 0.0007 0
1 1.484 0.0007 10902.9

0 1.4847 0.0007 0
1 1.4847 0.0007 9988.05

0 1.4854 0.0007 0
1 1.4854 0.0007 11166.8

0 1.4861 0.0007 0
1 1.4861 0.0007 10757.7

0 1.4868 0.0007 0
1 1.4868 0.0007 10683.9

0 1.4875 0.0007 0
1 1.4875 0.0007 10714.4

0 1.4882 0.0007 0
1 1.4882 0.0007 10796.8

0 1.4889 0.0007 0
1 1.4889 0.0007 11594.7

0 1.4896 0.0007 0
1 1.4896 0.0007 9575.92

0 1.4903 0.0007 0
1 1.4903 0.0007 9416.69

0 1.491 0.0007 0
1 1.491 0.0007 13765.9

0 1.4917 0.0007 0
1 1.4917 0.0007 10750.2

0 1.4924 0.0007 0
1 1.4924 0.0007 9598.46

0 1.4931 0.0007 0
1 1.4931 0.0007 10874.5

0 1.4938 0.0007 0
1 1.4938 0.0007 10917.9

0 1.4945 0.0007 0
1 1.4945 0.0007 10369.4

0 1.4952 0.0007 0
1 1.4952 0.0007 10504.9

0 1.4959 0.0007 0
1 1.4959 0.0007 10494.4

0 1.4966 0.0007 0
1 1.4966 0.0007 10850.6

0 1.4973 0.0007 0
1 1.4973 0.0007 10249.1

0 1.498 0.0007 0
1 1.498 0.0007 10332.6

0 1.4987 0.0007 0
1 1.4987 0.0007 10950.4

0 1.4994 0.0007 0
1 1.4994 0.0007 10078.2

0 1.5001 0.0007 0
1 1.5001 0.0007 9470.18

0 1.5008 0.0007 0
1 1.5008 0.0007 10487.5

0 1.5015 0.0007 0
1 1.5015 0.0007 12931.9

0 1.5022 0.0007 0
1 1.5022 0.0007 12511.4

0 1.5029 0.0007 0
1 1.5029 0.0007 9384.77

0 1.5036 0.0007 0
1 1.5036 0.0007 8905.54

0 1.5043 0.0007 0
1 1.5043 0.0007 10008.3

0 1.505 0.0007 0
1 1.505 0.0007 11126.4

0 1.5057 0.0007 0
1 1.5057 0.0007 10749.4

0 1.5064 0.0007 0
1 1.5064 0.0007 10178.5

0 1.5071 0.0007 0
1 1.5071 0.0007 11025.9

0 1.5078 0.0007 0
1 1.5078 0.0007 10588.3

0 1.5085 0.0007 0
1 1.5085 0.0007 10973.6

0 1.5092 0.0007 0
1 1.5092 0.0007 10606.8

0 1.5099 0.0007 0
1 1.5099 0.0007 11096

0 1.5106 0.0007 0
1 1.5106 0.0007 11309.3

0 1.5113 0.0007 0
1 1.5113 0.0007 10270.1

0 1.512 0.0007 0
1 1.512 0.0007 10468.8

0 1.5127 0.0007 0
1 1.5127 0.0007 11030.8

0 1.5134 0.0007 0
1 1.5134 0.0007 9807.21

0 1.5141 0.0007 0
1 1.5141 0.0007 9156.16

0 1.5148 0.0007 0
1 1.5148 0.0007 12426.1

0 1.5155 0.0007 0
1 1.5155 0.0007 10653.4

0 1.5162 0.0007 0
1 1.5162 0.0007 10919.5

0 1.5169 0.0007 0
1 1.5169 0.0007 10696.2

0 1.5176 0.0007 0
1 1.5176 0.0007 9791.28

0 1.5183 0.0007 0
1 1.5183 0.0007 10992.3

0 1.519 0.0007 0
1 1.519 0.0007 11262.5

0 1.5197 0.0007 0
1 1.5197 0.0007 10852.4

0 1.5204 0.0007 0
1 1.5204 0.0007 10323.7

0 1.5211 0.0007 0
1 1.5211 0.0007 10157.6

0 1.5218 0.0007 0
1 1.5218 0.0007 11077

0 1.5225 0.0007 0
1 1.5225 0.0007 10287.3

0 1.5232 0.0007 0
1 1.5232 0.0007 10472

0 1.5239 0.0007 0
1 1.5239 0.0007 11340.7

0 1.5246 0.0007 0
1 1.5246 0.0007 12255.4

0 1.5253 0.0007 0
1 1.5253 0.0007 9432.72

0 1.526 0.0007 0
1 1.526 0.0007 8808.05

0 1.5267 0.0007 0
1 1.5267 0.0007 8877.14

0 1.5274 0.0007 0
1 1.5274 0.0007 12188.5

0 1.5281 0.0007 0
1 1.5281 0.0007 12109

0 1.5288 0.0007 0
1 1.5288 0.0007 10063.8

0 1.5295 0.0007 0
1 1.5295 0.0007 9880.25

0 1.5302 0.0007 0
1 1.5302 0.0007 11157.9

0 1.5309 0.0007 0
1 1.5309 0.0007 11034.4

0 1.5316 0.0007 0
1 1.5316 0.0007 10157.1

0 1.5323 0.0007 0
1 1.5323 0.0007 10606

0 1.533 0.0007 0
1 1.533 0.0007 10697

0 1.5337 0.0007 0
1 1.5337 0.0007 10743.3

0 1.5344 0.0007 0
1 1.5344 0.0007 10950.5

0 1.5351 0.0007 0
1 1.5351 0.0007 10861.2

0 1.5358 0.0007 0
1 1.5358 0.0007 11523.1

0 1.5365 0.0007 0
1 1.5365 0.0007 9833.86

0 1.5372 0.0007 0
1 1.5372 0.0007 8923.71

0 1.5379 0.0007 0
1 1.5379 0.0007 14045.2

0 1.5386 0.0007 0
1 1.5386 0.0007 11033.1

0 1.5393 0.0007 0
1 1.5393 0.0007 9556.47

0 1.54 0.0007 0
1 1.54 0.0007 10576.7

0 1.5407 0.0007 0
1 1.5407 0.0007 11172

0 1.5414 0.0007 0
1 1.5414 0.0007 10734.1

0 1.5421 0.0007 0
1 1.5421 0.0007 10611.4

0 1.5428 0.0007 0
1 1.5428 0.0007 10463.5

0 1.5435 0.0007 0
1 1.5435 0.0007 10743.3

0 1.5442 0.0007 0
1 1.5442 0.0007 10247.3

0 1.5449 0.0007 0
1 1.5449 0.0007 10312.2

0 1.5456 0.0007 0
1 1.5456 0.0007 10859.3

0 1.5463 0.0007 0
1 1.5463 0.0007 10449.8

0 1.547 0.0007 0
1 1.547 0.0007 9392.62

0 1.5477 0.0007 0
1 1.5477 0.0007 10187.1

0 1.5484 0.0007 0
1 1.5484 0.0007 12156.4

0 1.5491 0.0007 0
1 1.5491 0.0007 12919

0 1.5498 0.0007 0
1 1.5498 0.0007 9907.29

0 1.5505 0.0007 0
1 1.5505 0.0007 8878.14

0 1.5512 0.0007 0
1 1.5512 0.0007 9800.52

0 1.5519 0.0007 0
1 1.5519 0.0007 11035.8

0 1.5526 0.0007 0
1 1.5526 0.0007 10856.4

0 1.5533 0.0007 0
1 1.5533 0.0007 10507.1

0 1.554 0.0007 0
1 1.554 0.0007 10714.8

0 1.5547 0.0007 0
1 1.5547 0.0007 10658.7

0 1.5554 0.0007 0
1 1.5554 0.0007 10713.9

0 1.5561 0.0007 0
1 1.5561 0.0007 10603.4

0 1.5568 0.0007 0
1 1.5568 0.0007 11106.5

0 1.5575 0.0007 0
1 1.5575 0.0007 11295

0 1.5582 0.0007 0
1 1.5582 0.0007 10596.6

0 1.5589 0.0007 0
1 1.5589 0.0007 10111.1

0 1.5596 0.0007 0
1 1.5596 0.0007 11388.2

0 1.5603 0.0007 0
1 1.5603 0.0007 10091.5

0 1.561 0.0007 0
1 1.561 0.0007 9107.25

0 1.5617 0.0007 0
1 1.5617 0.0007 12898.7

0 1.5624 0.0007 0
1 1.5624 0.0007 10628.3

0 1.5631 0.0007 0
1 1.5631 0.0007 10615.7

0 1.5638 0.0007 0
1 1.5638 0.0007 10896.7

0 1.5645 0.0007 0
1 1.5645 0.0007 9959.29

0 1.5652 0.0007 0
1 1.5652 0.0007 10726.3

0 1.5659 0.0007 0
1 1.5659 0.0007 11290.8

0 1.5666 0.0007 0
1 1.5666 0.0007 10802.4

0 1.5673 0.0007 0
1 1.5673 0.0007 10640.4

0 1.568 0.0007 0
1 1.568 0.0007 10030.1

0 1.5687 0.0007 0
1 1.5687 0.0007 11383

0 1.5694 0.0007 0
1 1.5694 0.0007 10210

0 1.5701 0.0007 0
1 1.5701 0.0007 10282.3

0 1.5708 0.0007 0
1 1.5708 0.0007 11086.4

0 1.5715 0.0007 0
1 1.5715 0.0007 12527.5

0 1.5722 0.0007 0
1 1.5722 0.0007 9566.86

0 1.5729 0.0007 0
1 1.5729 0.0007 8751.89

0 1.5736 0.0007 0
1 1.5736 0.0007 8848.19

0 1.5743 0.0007 0
1 1.5743 0.0007 11988.4

0 1.575 0.0007 0
1 1.575 0.0007 12348.5

0 1.5757 0.0007 0
1 1.5757 0.0007 10289.2

0 1.5764 0.0007 0
1 1.5764 0.0007 9597.98

0 1.5771 0.0007 0
1 1.5771 0.0007 11010.4

0 1.5778 0.0007 0
1 1.5778 0.0007 10951.2

0 1.5785 0.0007 0
1 1.5785 0.0007 10254

0 1.5792 0.0007 0
1 1.5792 0.0007 10284.5

0 1.5799 0.0007 0
1 1.5799 0.0007 10889.7

0 1.5806 0.0007 0
1 1.5806 0.0007 10908.6

0 1.5813 0.0007 0
1 1.5813 0.0007 11110

0 1.582 0.0007 0
1 1.582 0.0007 10190.2

0 1.5827 0.0007 0
1 1.5827 0.0007 11208.3

0 1.5834 0.0007 0
1 1.5834 0.0007 10320.8

0 1.5841 0.0007 0
1 1.5841 0.0007 9302.45

0 1.5848 0.0007 0
1 1.5848 0.0007 14094.8

0 1.5855 0.0007 0
1 1.5855 0.0007 11203.7

0 1.5862 0.0007 0
1 1.5862 0.0007 9295.35

0 1.5869 0.0007 0
1 1.5869 0.0007 10739.4

0 1.5876 0.0007 0
1 1.5876 0.0007 10816.9

0 1.5883 0.0007 0
1 1.5883 0.0007 10795.1

0 1.589 0.0007 0
1 1.589 0.0007 10620.2

0 1.5897 0.0007 0
1 1.5897 0.0007 10291.7

0 1.5904 0.0007 0
1 1.5904 0.0007 11092.4

0 1.5911 0.0007 0
1 1.5911 0.0007 10353

0 1.5918 0.0007 0
1 1.5918 0.0007 10180.7

0 1.5925 0.0007 0
1 1.5925 0.0007 10805.6

0 1.5932 0.0007 0
1 1.5932 0.0007 10835.8

0 1.5939 0.0007 0
1 1.5939 0.0007 9239.36

0 1.5946 0.0007 0
1 1.5946 0.0007 10259.9

0 1.5953 0.0007 0
1 1.5953 0.0007 11673.5

0 1.596 0.0007 0
1 1.596 0.0007 13308

0 1.5967 0.0007 0
1 1.5967 0.0007 10276.8

0 1.5974 0.0007 0
1 1.5974 0.0007 8717.83

0 1.5981 0.0007 0
1 1.5981 0.0007 9229.25

0 1.5988 0.0007 0
1 1.5988 0.0007 11033.1

0 1.5995 0.0007 0
1 1.5995 0.0007 11093.3

0 1.6002 0.0007 0
1 1.6002 0.0007 10409

0 1.6009 0.0007 0
1 1.6009 0.0007 10624.9

0 1.6016 0.0007 0
1 1.6016 0.0007 10540.7

0 1.6023 0.0007 0
1 1.6023 0.0007 10706.2

0 1.603 0.0007 0
1 1.603 0.0007 10866.3

0 1.6037 0.0007 0
1 1.6037 0.0007 10898.2

0 1.6044 0.0007 0
1 1.6044 0.0007 11342.2

0 1.6051 0.0007 0
1 1.6051 0.0007 10634.2

0 1.6058 0.0007 0
1 1.6058 0.0007 10159

0 1.6065 0.0007 0
1 1.6065 0.0007 11694.9

0 1.6072 0.0007 0
1 1.6072 0.0007 10015.5

0 1.6079 0.0007 0
1 1.6079 0.0007 9271.41

0 1.6086 0.0007 0
1 1.6086 0.0007 12832.6

0 1.6093 0.0007 0
1 1.6093 0.0007 10668.2

0 1.61 0.0007 0
1 1.61 0.0007 10237.2

0 1.6107 0.0007 0
1 1.6107 0.0007 11167.6

0 1.6114 0.0007 0
1 1.6114 0.0007 10365.9

0 1.6121 0.0007 0
1 1.6121 0.0007 10293.4

0 1.6128 0.0007 0
1 1.6128 0.0007 11223.2

0 1.6135 0.0007 0
1 1.6135 0.0007 10732.5

0 1.6142 0.0007 0
1 1.6142 0.0007 10589.8

0 1.6149 0.0007 0
1 1.6149 0.0007 10056.9

0 1.6156 0.0007 0
1 1.6156 0.0007 11116.1

0 1.6163 0.0007 0
1 1.6163 0.0007 10442.5

0 1.617 0.0007 0
1 1.617 0.0007 10200.2

0 1.6177 0.0007 0
1 1.6177 0.0007 10953.5

0 1.6184 0.0007 0
1 1.6184 0.0007 12763.1

0 1.6191 0.0007 0
1 1.6191 0.0007 9968.74

0 1.6198 0.0007 0
1 1.6198 0.0007 8814.3

0 1.6205 0.0007 0
1 1.6205 0.0007 9033.97

0 1.6212 0.0007 0
1 1.6212 0.0007 11300.2

0 1.6219 0.0007 0
1 1.6219 0.0007 12478.9

0 1.6226 0.0007 0
1 1.6226 0.0007 10584.6

0 1.6233 0.0007 0
1 1.6233 0.0007 9734.52

0 1.624 0.0007 0
1 1.624 0.0007 10944.1

0 1.6247 0.0007 0
1 1.6247 0.0007 11180.9

0 1.6254 0.0007 0
1 1.6254 0.0007 10153.9

0 1.6261 0.0007 0
1 1.6261 0.0007 10348.2

0 1.6268 0.0007 0
1 1.6268 0.0007 10965.2

0 1.6275 0.0007 0
1 1.6275 0.0007 10594.9

0 1.6282 0.0007 0
1 1.6282 0.0007 10751

0 1.6289 0.0007 0
1 1.6289 0.0007 10498.2

0 1.6296 0.0007 0
1 1.6296 0.0007 11155.2

0 1.6303 0.0007 0
1 1.6303 0.0007 10657

0 1.631 0.0007 0
1 1.631 0.0007 9621.98

0 1.6317 0.0007 0
1 1.6317 0.0007 9302.07

0 1.6324 0.0007 0
1 1.6324 0.0007 12713

0 1.6331 0.0007 0
1 1.6331 0.0007 10326.5

0 1.6338 0.0007 0
1 1.6338 0.0007 10499.2

0 1.6345 0.0007 0
1 1.6345 0.0007 10873.9

0 1.6352 0.0007 0
1 1.6352 0.0007 10642.7

0 1.6359 0.0007 0
1 1.6359 0.0007 10791.5

0 1.6366 0.0007 0
1 1.6366 0.0007 10375.9

0 1.6373 0.0007 0
1 1.6373 0.0007 10987.8

0 1.638 0.0007 0
1 1.638 0.0007 10244.5

0 1.6387 0.0007 0
1 1.6387 0.0007 10061.2

0 1.6394 0.0007 0
1 1.6394 0.0007 10815

0 1.6401 0.0007 0
1 1.6401 0.0007 11076.7

0 1.6408 0.0007 0
1 1.6408 0.0007 9254.43

0 1.6415 0.0007 0
1 1.6415 0.0007 9954.87

0 1.6422 0.0007 0
1 1.6422 0.0007 11423.9

0 1.6429 0.0007 0
1 1.6429 0.0007 13466.9

0 1.6436 0.0007 0
1 1.6436 0.0007 10662.7

0 1.6443 0.0007 0
1 1.6443 0.0007 9030.17

0 1.645 0.0007 0
1 1.645 0.0007 9252.92

0 1.6457 0.0007 0
1 1.6457 0.0007 10667.4

0 1.6464 0.0007 0
1 1.6464 0.0007 11386.9

0 1.6471 0.0007 0
1 1.6471 0.0007 10295.8

0 1.6478 0.0007 0
1 1.6478 0.0007 10487

0 1.6485 0.0007 0
1 1.6485 0.0007 10582

0 1.6492 0.0007 0
1 1.6492 0.0007 10637.1

0 1.6499 0.0007 0
1 1.6499 0.0007 10656.7

0 1.6506 0.0007 0
1 1.6506 0.0007 11047.3

0 1.6513 0.0007 0
1 1.6513 0.0007 11352.5

0 1.652 0.0007 0
1 1.652 0.0007 10923.8

0 1.6527 0.0007 0
1 1.6527 0.0007 10170.1

0 1.6534 0.0007 0
1 1.6534 0.0007 11110.9

0 1.6541 0.0007 0
1 1.6541 0.0007 10187.5

0 1.6548 0.0007 0
1 1.6548 0.0007 9163.6

0 1.6555 0.0007 0
1 1.6555 0.0007 13081.5

0 1.6562 0.0007 0
1 1.6562 0.0007 10917

0 1.6569 0.0007 0
1 1.6569 0.0007 9753.5

0 1.6576 0.0007 0
1 1.6576 0.0007 11160.1

0 1.6583 0.0007 0
1 1.6583 0.0007 10451.4

0 1.659 0.0007 0
1 1.659 0.0007 10353.9

0 1.6597 0.0007 0
1 1.6597 0.0007 11165.2

0 1.6604 0.0007 0
1 1.6604 0.0007 10624

0 1.6611 0.0007 0
1 1.6611 0.0007 10419.3

0 1.6618 0.0007 0
1 1.6618 0.0007 10101.8

0 1.6625 0.0007 0
1 1.6625 0.0007 10752.2

0 1.6632 0.0007 0
1 1.6632 0.0007 10778

0 1.6639 0.0007 0
1 1.6639 0.0007 10475.3

0 1.6646 0.0007 0
1 1.6646 0.0007 10626.6

0 1.6653 0.0007 0
1 1.6653 0.0007 12692.8

0 1.666 0.0007 0
1 1.666 0.0007 10501

0 1.6667 0.0007 0
1 1.6667 0.0007 8646.99

0 1.6674 0.0007 0
1 1.6674 0.0007 8935.29

0 1.6681 0.0007 0
1 1.6681 0.0007 10861.1

0 1.6688 0.0007 0
1 1.6688 0.0007 12498.3

0 1.6695 0.0007 0
1 1.6695 0.0007 10841

0 1.6702 0.0007 0
1 1.6702 0.0007 9700.65

0 1.6709 0.0007 0
1 1.6709 0.0007 10957.8

0 1.6716 0.0007 0
1 1.6716 0.0007 11041.9

0 1.6723 0.0007 0
1 1.6723 0.0007 10159.5

0 1.673 0.0007 0
1 1.673 0.0007 10381.5

0 1.6737 0.0007 0
1 1.6737 0.0007 10886.3

0 1.6744 0.0007 0
1 1.6744 0.0007 10794.8

0 1.6751 0.0007 0
1 1.6751 0.0007 10824.6

0 1.6758 0.0007 0
1 1.6758 0.0007 10560.4

0 1.6765 0.0007 0
1 1.6765 0.0007 10902.4

0 1.6772 0.0007 0
1 1.6772 0.0007 10998.6

0 1.6779 0.0007 0
1 1.6779 0.0007 9292.36

0 1.6786 0.0007 0
1 1.6786 0.0007 9619.35

0 1.6793 0.0007 0
1 1.6793 0.0007 13196.2

0 1.68 0.0007 0
1 1.68 0.0007 10517.8

0 1.6807 0.0007 0
1 1.6807 0.0007 10296.9

0 1.6814 0.0007 0
1 1.6814 0.0007 10628.8

0 1.6821 0.0007 0
1 1.6821 0.0007 10258.5

0 1.6828 0.0007 0
1 1.6828 0.0007 10996.1

0 1.6835 0.0007 0
1 1.6835 0.0007 10378.3

0 1.6842 0.0007 0
1 1.6842 0.0007 11082.1

0 1.6849 0.0007 0
1 1.6849 0.0007 10377.7

0 1.6856 0.0007 0
1 1.6856 0.0007 9989.52

0 1.6863 0.0007 0
1 1.6863 0.0007 10600.5

0 1.687 0.0007 0
1 1.687 0.0007 11259.9

0 1.6877 0.0007 0
1 1.6877 0.0007 9386.04

0 1.6884 0.0007 0
1 1.6884 0.0007 9771.12

0 1.6891 0.0007 0
1 1.6891 0.0007 11225.1

0 1.6898 0.0007 0
1 1.6898 0.0007 13785.8

0 1.6905 0.0007 0
1 1.6905 0.0007 11070.7

0 1.6912 0.0007 0
1 1.6912 0.0007 8614.09

0 1.6919 0.0007 0
1 1.6919 0.0007 9257.31

0 1.6926 0.0007 0
1 1.6926 0.0007 10569.5

0 1.6933 0.0007 0
1 1.6933 0.0007 11240.9

0 1.694 0.0007 0
1 1.694 0.0007 10818.9

0 1.6947 0.0007 0
1 1.6947 0.0007 10212.4

0 1.6954 0.0007 0
1 1.6954 0.0007 10882.2

0 1.6961 0.0007 0
1 1.6961 0.0007 10751

0 1.6968 0.0007 0
1 1.6968 0.0007 10821.2

0 1.6975 0.0007 0
1 1.6975 0.0007 10735.9

0 1.6982 0.0007 0
1 1.6982 0.0007 11440.4

0 1.6989 0.0007 0
1 1.6989 0.0007 11259.3

0 1.6996 0.0007 0
1 1.6996 0.0007 10343.3

0 1.7003 0.0007 0
1 1.7003 0.0007 11008.9

0 1.701 0.0007 0
1 1.701 0.0007 10378

0 1.7017 0.0007 0
1 1.7017 0.0007 9313.76

0 1.7024 0.0007 0
1 1.7024 0.0007 13284.3

0 1.7031 0.0007 0
1 1.7031 0.0007 10698.7

0 1.7038 0.0007 0
1 1.7038 0.0007 9803.93

0 1.7045 0.0007 0
1 1.7045 0.0007 11228

0 1.7052 0.0007 0
1 1.7052 0.0007 10461.8

0 1.7059 0.0007 0
1 1.7059 0.0007 10323.3

0 1.7066 0.0007 0
1 1.7066 0.0007 11274.4

0 1.7073 0.0007 0
1 1.7073 0.0007 10734.9

0 1.708 0.0007 0
1 1.708 0.0007 10457.2

0 1.7087 0.0007 0
1 1.7087 0.0007 10346

0 1.7094 0.0007 0
1 1.7094 0.0007 10534.4

0 1.7101 0.0007 0
1 1.7101 0.0007 11000.5

0 1.7108 0.0007 0
1 1.7108 0.0007 10632.9

0 1.7115 0.0007 0
1 1.7115 0.0007 10332.9

0 1.7122 0.0007 0
1 1.7122 0.0007 12143.9

0 1.7129 0.0007 0
1 1.7129 0.0007 11224.7

0 1.7136 0.0007 0
1 1.7136 0.0007 8763.81

0 1.7143 0.0007 0
1 1.7143 0.0007 8960.77

0 1.715 0.0007 0
1 1.715 0.0007 9961.9

0 1.7157 0.0007 0
1 1.7157 0.0007 12816

0 1.7164 0.0007 0
1 1.7164 0.0007 11209.8

0 1.7171 0.0007 0
1 1.7171 0.0007 9575.69

0 1.7178 0.0007 0
1 1.7178 0.0007 10539.8

0 1.7185 0.0007 0
1 1.7185 0.0007 11143.7

0 1.7192 0.0007 0
1 1.7192 0.0007 10330.9

0 1.7199 0.0007 0
1 1.7199 0.0007 10409

0 1.7206 0.0007 0
1 1.7206 0.0007 10989.3

0 1.7213 0.0007 0
1 1.7213 0.0007 10694.4

0 1.722 0.0007 0
1 1.722 0.0007 11095.9

0 1.7227 0.0007 0
1 1.7227 0.0007 10572.3

0 1.7234 0.0007 0
1 1.7234 0.0007 10950.6

0 1.7241 0.0007 0
1 1.7241 0.0007 11167.2

0 1.7248 0.0007 0
1 1.7248 0.0007 9386.44

0 1.7255 0.0007 0
1 1.7255 0.0007 9376.1

0 1.7262 0.0007 0
1 1.7262 0.0007 13478.1

0 1.7269 0.0007 0
1 1.7269 0.0007 10456.3

0 1.7276 0.0007 0
1 1.7276 0.0007 10081.9

0 1.7283 0.0007 0
1 1.7283 0.0007 10861.2

0 1.729 0.0007 0
1 1.729 0.0007 10552.1

0 1.7297 0.0007 0
1 1.7297 0.0007 10720.8

0 1.7304 0.0007 0
1 1.7304 0.0007 10555

0 1.7311 0.0007 0
1 1.7311 0.0007 10763

0 1.7318 0.0007 0
1 1.7318 0.0007 10789.4

0 1.7325 0.0007 0
1 1.7325 0.0007 10010.6

0 1.7332 0.0007 0
1 1.7332 0.0007 10561.6

0 1.7339 0.0007 0
1 1.7339 0.0007 11170.3

0 1.7346 0.0007 0
1 1.7346 0.0007 9514.49

0 1.7353 0.0007 0
1 1.7353 0.0007 9471.99

0 1.736 0.0007 0
1 1.736 0.0007 11242

0 1.7367 0.0007 0
1 1.7367 0.0007 13602

0 1.7374 0.0007 0
1 1.7374 0.0007 11772.5

0 1.7381 0.0007 0
1 1.7381 0.0007 8926.64

0 1.7388 0.0007 0
1 1.7388 0.0007 9021.33

0 1.7395 0.0007 0
1 1.7395 0.0007 10448.5

0 1.7402 0.0007 0
1 1.7402 0.0007 11137.5

0 1.7409 0.0007 0
1 1.7409 0.0007 10471.7

0 1.7416 0.0007 0
1 1.7416 0.0007 10209

0 1.7423 0.0007 0
1 1.7423 0.0007 10992.4

0 1.743 0.0007 0
1 1.743 0.0007 10656.3

0 1.7437 0.0007 0
1 1.7437 0.0007 10719.9

0 1.7444 0.0007 0
1 1.7444 0.0007 10600.2

0 1.7451 0.0007 0
1 1.7451 0.0007 11274.9

0 1.7458 0.0007 0
1 1.7458 0.0007 11355.6

0 1.7465 0.0007 0
1 1.7465 0.0007 10052.6

0 1.7472 0.0007 0
1 1.7472 0.0007 10731.8

0 1.7479 0.0007 0
1 1.7479 0.0007 10929.1

0 1.7486 0.0007 0
1 1.7486 0.0007 9673.31

0 1.7493 0.0007 0
1 1.7493 0.0007 13416.8

0 1.75 0.0007 0
1 1.75 0.0007 10746.5

0 1.7507 0.0007 0
1 1.7507 0.0007 9952.7

0 1.7514 0.0007 0
1 1.7514 0.0007 11000.8

0 1.7521 0.0007 0
1 1.7521 0.0007 10331.4

0 1.7528 0.0007 0
1 1.7528 0.0007 10331.9

0 1.7535 0.0007 0
1 1.7535 0.0007 11093.5

0 1.7542 0.0007 0
1 1.7542 0.0007 10981

0 1.7549 0.0007 0
1 1.7549 0.0007 10744.7

0 1.7556 0.0007 0
1 1.7556 0.0007 10191.3

0 1.7563 0.0007 0
1 1.7563 0.0007 10433.9

0 1.757 0.0007 0
1 1.757 0.0007 11054.9

0 1.7577 0.0007 0
1 1.7577 0.0007 10556.5

0 1.7584 0.0007 0
1 1.7584 0.0007 10384.6

0 1.7591 0.0007 0
1 1.7591 0.0007 11917.1

0 1.7598 0.0007 0
1 1.7598 0.0007 11621

0 1.7605 0.0007 0
1 1.7605 0.0007 8666.26

0 1.7612 0.0007 0
1 1.7612 0.0007 9084.34

0 1.7619 0.0007 0
1 1.7619 0.0007 9227.23

0 1.7626 0.0007 0
1 1.7626 0.0007 12653.1

0 1.7633 0.0007 0
1 1.7633 0.0007 11504.3

0 1.764 0.0007 0
1 1.764 0.0007 9710.47

0 1.7647 0.0007 0
1 1.7647 0.0007 10513.7

0 1.7654 0.0007 0
1 1.7654 0.0007 11060.7

0 1.7661 0.0007 0
1 1.7661 0.0007 10614.8

0 1.7668 0.0007 0
1 1.7668 0.0007 10046

0 1.7675 0.0007 0
1 1.7675 0.0007 11126

0 1.7682 0.0007 0
1 1.7682 0.0007 10670

0 1.7689 0.0007 0
1 1.7689 0.0007 10726

0 1.7696 0.0007 0
1 1.7696 0.0007 10673.8

0 1.7703 0.0007 0
1 1.7703 0.0007 10928.3

0 1.771 0.0007 0
1 1.771 0.0007 11303.1

0 1.7717 0.0007 0
1 1.7717 0.0007 9547.66

0 1.7724 0.0007 0
1 1.7724 0.0007 9301.3

0 1.7731 0.0007 0
1 1.7731 0.0007 13452.4

0 1.7738 0.0007 0
1 1.7738 0.0007 10792.7

0 1.7745 0.0007 0
1 1.7745 0.0007 9843.31

0 1.7752 0.0007 0
1 1.7752 0.0007 10906.3

0 1.7759 0.0007 0
1 1.7759 0.0007 10815.8

0 1.7766 0.0007 0
1 1.7766 0.0007 10730.6

0 1.7773 0.0007 0
1 1.7773 0.0007 10694.6

0 1.778 0.0007 0
1 1.778 0.0007 10508.7

0 1.7787 0.0007 0
1 1.7787 0.0007 10756.2

0 1.7794 0.0007 0
1 1.7794 0.0007 10301.1

0 1.7801 0.0007 0
1 1.7801 0.0007 10207.1

0 1.7808 0.0007 0
1 1.7808 0.0007 11230

0 1.7815 0.0007 0
1 1.7815 0.0007 9724.23

0 1.7822 0.0007 0
1 1.7822 0.0007 9637.82

0 1.7829 0.0007 0
1 1.7829 0.0007 10744.4

0 1.7836 0.0007 0
1 1.7836 0.0007 13698.3

0 1.7843 0.0007 0
1 1.7843 0.0007 12094.9

0 1.785 0.0007 0
1 1.785 0.0007 9115.19

0 1.7857 0.0007 0
1 1.7857 0.0007 8688.27

0 1.7864 0.0007 0
1 1.7864 0.0007 10247.7

0 1.7871 0.0007 0
1 1.7871 0.0007 11057.6

0 1.7878 0.0007 0
1 1.7878 0.0007 10710.1

0 1.7885 0.0007 0
1 1.7885 0.0007 10210.6

0 1.7892 0.0007 0
1 1.7892 0.0007 11060.8

0 1.7899 0.0007 0
1 1.7899 0.0007 10625.6

0 1.7906 0.0007 0
1 1.7906 0.0007 10719.4

0 1.7913 0.0007 0
1 1.7913 0.0007 10405

0 1.792 0.0007 0
1 1.792 0.0007 11147.2

0 1.7927 0.0007 0
1 1.7927 0.0007 11156.6

0 1.7934 0.0007 0
1 1.7934 0.0007 10223.7

0 1.7941 0.0007 0
1 1.7941 0.0007 10705.6

0 1.7948 0.0007 0
1 1.7948 0.0007 10764

0 1.7955 0.0007 0
1 1.7955 0.0007 9756.88

0 1.7962 0.0007 0
1 1.7962 0.0007 9178.18

0 1.7969 0.0007 0
1 1.7969 0.0007 11986.2

0 1.7976 0.0007 0
1 1.7976 0.0007 10356

0 1.7983 0.0007 0
1 1.7983 0.0007 10953

0 1.799 0.0007 0
1 1.799 0.0007 10781

0 1.7997 0.0007 0
1 1.7997 0.0007 9572.5

0 1.8004 0.0007 0
1 1.8004 0.0007 11059.7

0 1.8011 0.0007 0
1 1.8011 0.0007 10904.3

0 1.8018 0.0007 0
1 1.8018 0.0007 10782.7

0 1.8025 0.0007 0
1 1.8025 0.0007 10251

0 1.8032 0.0007 0
1 1.8032 0.0007 10504.5

0 1.8039 0.0007 0
1 1.8039 0.0007 11138.1

0 1.8046 0.0007 0
1 1.8046 0.0007 10469

0 1.8053 0.0007 0
1 1.8053 0.0007 10305.9

0 1.806 0.0007 0
1 1.806 0.0007 11545.3

0 1.8067 0.0007 0
1 1.8067 0.0007 12040.1

0 1.8074 0.0007 0
1 1.8074 0.0007 8937.57

0 1.8081 0.0007 0
1 1.8081 0.0007 9024.56

0 1.8088 0.0007 0
1 1.8088 0.0007 8983.02

0 1.8095 0.0007 0
1 1.8095 0.0007 12544.2

0 1.8102 0.0007 0
1 1.8102 0.0007 11971

0 1.8109 0.0007 0
1 1.8109 0.0007 9812.43

0 1.8116 0.0007 0
1 1.8116 0.0007 9859.72

0 1.8123 0.0007 0
1 1.8123 0.0007 11120

0 1.813 0.0007 0
1 1.813 0.0007 10925.9

0 1.8137 0.0007 0
1 1.8137 0.0007 9952.09

0 1.8144 0.0007 0
1 1.8144 0.0007 10824

0 1.8151 0.0007 0
1 1.8151 0.0007 10886.6

0 1.8158 0.0007 0
1 1.8158 0.0007 10773.9

0 1.8165 0.0007 0
1 1.8165 0.0007 10745

0 1.8172 0.0007 0
1 1.8172 0.0007 10666.6

0 1.8179 0.0007 0
1 1.8179 0.0007 11598.4

0 1.8186 0.0007 0
1 1.8186 0.0007 9690.94

0 1.8193 0.0007 0
1 1.8193 0.0007 9342.97

0 1.82 0.0007 0
1 1.82 0.0007 13838

0 1.8207 0.0007 0
1 1.8207 0.0007 10773.8

0 1.8214 0.0007 0
1 1.8214 0.0007 9659.94

0 1.8221 0.0007 0
1 1.8221 0.0007 10841.7

0 1.8228 0.0007 0
1 1.8228 0.0007 10921.9

0 1.8235 0.0007 0
1 1.8235 0.0007 10490.3

0 1.8242 0.0007 0
1 1.8242 0.0007 10483.4

0 1.8249 0.0007 0
1 1.8249 0.0007 10420.2

0 1.8256 0.0007 0
1 1.8256 0.0007 10799.2

0 1.8263 0.0007 0
1 1.8263 0.0007 10133.5

0 1.827 0.0007 0
1 1.827 0.0007 10267.8

0 1.8277 0.0007 0
1 1.8277 0.0007 11062.7

0 1.8284 0.0007 0
1 1.8284 0.0007 10151.2

0 1.8291 0.0007 0
1 1.8291 0.0007 9316.51

0 1.8298 0.0007 0
1 1.8298 0.0007 10451

0 1.8305 0.0007 0
1 1.8305 0.0007 12746.4

0 1.8312 0.0007 0
1 1.8312 0.0007 12666.1

0 1.8319 0.0007 0
1 1.8319 0.0007 9483.5

0 1.8326 0.0007 0
1 1.8326 0.0007 8929.58

0 1.8333 0.0007 0
1 1.8333 0.0007 9870.78

0 1.834 0.0007 0
1 1.834 0.0007 11013.3

0 1.8347 0.0007 0
1 1.8347 0.0007 10788.4

0 1.8354 0.0007 0
1 1.8354 0.0007 10275.1

0 1.8361 0.0007 0
1 1.8361 0.0007 10947.6

0 1.8368 0.0007 0
1 1.8368 0.0007 10515.9

0 1.8375 0.0007 0
1 1.8375 0.0007 10879.8

0 1.8382 0.0007 0
1 1.8382 0.0007 10485.8

0 1.8389 0.0007 0
1 1.8389 0.0007 11109.9

0 1.8396 0.0007 0
1 1.8396 0.0007 11405.9

0 1.8403 0.0007 0
1 1.8403 0.0007 10215

0 1.841 0.0007 0
1 1.841 0.0007 10351.3

0 1.8417 0.0007 0
1 1.8417 0.0007 11118.3

0 1.8424 0.0007 0
1 1.8424 0.0007 9785.42

0 1.8431 0.0007 0
1 1.8431 0.0007 9062.16

0 1.8438 0.0007 0
1 1.8438 0.0007 12521.9

0 1.8445 0.0007 0
1 1.8445 0.0007 10696.5

0 1.8452 0.0007 0
1 1.8452 0.0007 10672.5

0 1.8459 0.0007 0
1 1.8459 0.0007 10735.4

0 1.8466 0.0007 0
1 1.8466 0.0007 9862.14

0 1.8473 0.0007 0
1 1.8473 0.0007 10902.1

0 1.848 0.0007 0
1 1.848 0.0007 10922.2

0 1.8487 0.0007 0
1 1.8487 0.0007 10851.5

0 1.8494 0.0007 0
1 1.8494 0.0007 10388.9

0 1.8501 0.0007 0
1 1.8501 0.0007 10113.1

0 1.8508 0.0007 0
1 1.8508 0.0007 11080.2

0 1.8515 0.0007 0
1 1.8515 0.0007 10175.3

0 1.8522 0.0007 0
1 1.8522 0.0007 10334.9

0 1.8529 0.0007 0
1 1.8529 0.0007 11160.5

0 1.8536 0.0007 0
1 1.8536 0.0007 12290.8

0 1.8543 0.0007 0
1 1.8543 0.0007 9533.1

0 1.855 0.0007 0
1 1.855 0.0007 8852.55

0 1.8557 0.0007 0
1 1.8557 0.0007 8822.05

0 1.8564 0.0007 0
1 1.8564 0.0007 12214.4

0 1.8571 0.0007 0
1 1.8571 0.0007 12106.8

0 1.8578 0.0007 0
1 1.8578 0.0007 10005.4

0 1.8585 0.0007 0
1 1.8585 0.0007 9922.1

0 1.8592 0.0007 0
1 1.8592 0.0007 11242.8

0 1.8599 0.0007 0
1 1.8599 0.0007 11099.3

0 1.8606 0.0007 0
1 1.8606 0.0007 10066

0 1.8613 0.0007 0
1 1.8613 0.0007 10575.7

0 1.862 0.0007 0
1 1.862 0.0007 10632.4

0 1.8627 0.0007 0
1 1.8627 0.0007 10767.3

0 1.8634 0.0007 0
1 1.8634 0.0007 11026.1

0 1.8641 0.0007 0
1 1.8641 0.0007 10781.7

0 1.8648 0.0007 0
1 1.8648 0.0007 11324.5

0 1.8655 0.0007 0
1 1.8655 0.0007 10026.2

0 1.8662 0.0007 0
1 1.8662 0.0007 9011.04

0 1.8669 0.0007 0
1 1.8669 0.0007 13955.6

0 1.8676 0.0007 0
1 1.8676 0.0007 11094.1

0 1.8683 0.0007 0
1 1.8683 0.0007 9603.59

0 1.869 0.0007 0
1 1.869 0.0007 10515.8

0 1.8697 0.0007 0
1 1.8697 0.0007 11040.8

0 1.8704 0.0007 0
1 1.8704 0.0007 10737.1

0 1.8711 0.0007 0
1 1.8711 0.0007 10588.9

0 1.8718 0.0007 0
1 1.8718 0.0007 10567.3

0 1.8725 0.0007 0
1 1.8725 0.0007 10656.5

0 1.8732 0.0007 0
1 1.8732 0.0007 10291.1

0 1.8739 0.0007 0
1 1.8739 0.0007 10080

0 1.8746 0.0007 0
1 1.8746 0.0007 10976.4

0 1.8753 0.0007 0
1 1.8753 0.0007 10400.1

0 1.876 0.0007 0
1 1.876 0.0007 9348

0 1.8767 0.0007 0
1 1.8767 0.0007 10280.7

0 1.8774 0.0007 0
1 1.8774 0.0007 12068.5

0 1.8781 0.0007 0
1 1.8781 0.0007 13035.8

0 1.8788 0.0007 0
1 1.8788 0.0007 9997.44

0 1.8795 0.0007 0
1 1.8795 0.0007 8648.27

0 1.8802 0.0007 0
1 1.8802 0.0007 9640.46

0 1.8809 0.0007 0
1 1.8809 0.0007 10880

0 1.8816 0.0007 0
1 1.8816 0.0007 11017.8

0 1.8823 0.0007 0
1 1.8823 0.0007 10156.7

0 1.883 0.0007 0
1 1.883 0.0007 10750.7

0 1.8837 0.0007 0
1 1.8837 0.0007 10801.9

0 1.8844 0.0007 0
1 1.8844 0.0007 10791

0 1.8851 0.0007 0
1 1.8851 0.0007 10621.4

0 1.8858 0.0007 0
1 1.8858 0.0007 10979

0 1.8865 0.0007 0
1 1.8865 0.0007 11365.3

0 1.8872 0.0007 0
1 1.8872 0.0007 10382.8

0 1.8879 0.0007 0
1 1.8879 0.0007 10117

0 1.8886 0.0007 0
1 1.8886 0.0007 11502.8

0 1.8893 0.0007 0
1 1.8893 0.0007 9738.6

0 1.89 0.0007 0
1 1.89 0.0007 9183.66

0 1.8907 0.0007 0
1 1.8907 0.0007 13014.9

0 1.8914 0.0007 0
1 1.8914 0.0007 10487

0 1.8921 0.0007 0
1 1.8921 0.0007 10566.5

0 1.8928 0.0007 0
1 1.8928 0.0007 10890.7

0 1.8935 0.0007 0
1 1.8935 0.0007 9993.26

0 1.8942 0.0007 0
1 1.8942 0.0007 10660.8

0 1.8949 0.0007 0
1 1.8949 0.0007 11106.6

0 1.8956 0.0007 0
1 1.8956 0.0007 10935.7

0 1.8963 0.0007 0
1 1.8963 0.0007 10493.7

0 1.897 0.0007 0
1 1.897 0.0007 10070.3

0 1.8977 0.0007 0
1 1.8977 0.0007 11453.9

0 1.8984 0.0007 0
1 1.8984 0.0007 10269.7

0 1.8991 0.0007 0
1 1.8991 0.0007 10113.7

0 1.8998 0.0007 0
1 1.8998 0.0007 10922.1

0 1.9005 0.0007 0
1 1.9005 0.0007 12520

0 1.9012 0.0007 0
1 1.9012 0.0007 9561.42

0 1.9019 0.0007 0
1 1.9019 0.0007 8641.33

0 1.9026 0.0007 0
1 1.9026 0.0007 8976.77

0 1.9033 0.0007 0
1 1.9033 0.0007 11919.1

0 1.904 0.0007 0
1 1.904 0.0007 12462.9

0 1.9047 0.0007 0
1 1.9047 0.0007 10300.7

0 1.9054 0.0007 0
1 1.9054 0.0007 9511.2

0 1.9061 0.0007 0
1 1.9061 0.0007 10936.5

0 1.9068 0.0007 0
1 1.9068 0.0007 10891.4

0 1.9075 0.0007 0
1 1.9075 0.0007 10375.5

0 1.9082 0.0007 0
1 1.9082 0.0007 10239.1

0 1.9089 0.0007 0
1 1.9089 0.0007 10762.2

0 1.9096 0.0007 0
1 1.9096 0.0007 10939.8

0 1.9103 0.0007 0
1 1.9103 0.0007 11036.8

0 1.911 0.0007 0
1 1.911 0.0007 10262

0 1.9117 0.0007 0
1 1.9117 0.0007 11142.8

0 1.9124 0.0007 0
1 1.9124 0.0007 10267.1

0 1.9131 0.0007 0
1 1.9131 0.0007 9380.38

0 1.9138 0.0007 0
1 1.9138 0.0007 14160

0 1.9145 0.0007 0
1 1.9145 0.0007 11165.4

0 1.9152 0.0007 0
1 1.9152 0.0007 9362.02

0 1.9159 0.0007 0
1 1.9159 0.0007 10526.9

0 1.9166 0.0007 0
1 1.9166 0.0007 10827.7

0 1.9173 0.0007 0
1 1.9173 0.0007 10920.8

0 1.918 0.0007 0
1 1.918 0.0007 10705.1

0 1.9187 0.0007 0
1 1.9187 0.0007 10328.7

0 1.9194 0.0007 0
1 1.9194 0.0007 11031.9

0 1.9201 0.0007 0
1 1.9201 0.0007 10148.5

0 1.9208 0.0007 0
1 1.9208 0.0007 10057.2

0 1.9215 0.0007 0
1 1.9215 0.0007 10816.7

0 1.9222 0.0007 0
1 1.9222 0.0007 10886

0 1.9229 0.0007 0
1 1.9229 0.0007 9346.11

0 1.9236 0.0007 0
1 1.9236 0.0007 10227

0 1.9243 0.0007 0
1 1.9243 0.0007 11557.1

0 1.925 0.0007 0
1 1.925 0.0007 13115.3

0 1.9257 0.0007 0
1 1.9257 0.0007 10233

0 1.9264 0.0007 0
1 1.9264 0.0007 8870.28

0 1.9271 0.0007 0
1 1.9271 0.0007 9207.54

0 1.9278 0.0007 0
1 1.9278 0.0007 10927.9

0 1.9285 0.0007 0
1 1.9285 0.0007 11170.1

0 1.9292 0.0007 0
1 1.9292 0.0007 10411.8

0 1.9299 0.0007 0
1 1.9299 0.0007 10682.9

0 1.9306 0.0007 0
1 1.9306 0.0007 10632.6

0 1.9313 0.0007 0
1 1.9313 0.0007 10602.7

0 1.932 0.0007 0
1 1.932 0.0007 10807.5

0 1.9327 0.0007 0
1 1.9327 0.0007 10985.2

0 1.9334 0.0007 0
1 1.9334 0.0007 11420.6

0 1.9341 0.0007 0
1 1.9341 0.0007 10541.3

0 1.9348 0.0007 0
1 1.9348 0.0007 10099.8

0 1.9355 0.0007 0
1 1.9355 0.0007 11680.3

0 1.9362 0.0007 0
1 1.9362 0.0007 10104.1

0 1.9369 0.0007 0
1 1.9369 0.0007 9319.76

0 1.9376 0.0007 0
1 1.9376 0.0007 12692.9

0 1.9383 0.0007 0
1 1.9383 0.0007 10717.1

0 1.939 0.0007 0
1 1.939 0.0007 9901.42

0 1.9397 0.0007 0
1 1.9397 0.0007 11168.3

0 1.9404 0.0007 0
1 1.9404 0.0007 10382.4

0 1.9411 0.0007 0
1 1.9411 0.0007 10414.9

0 1.9418 0.0007 0
1 1.9418 0.0007 11286.5

0 1.9425 0.0007 0
1 1.9425 0.0007 10484.9

0 1.9432 0.0007 0
1 1.9432 0.0007 10623.3

0 1.9439 0.0007 0
1 1.9439 0.0007 10039

0 1.9446 0.0007 0
1 1.9446 0.0007 10888.4

0 1.9453 0.0007 0
1 1.9453 0.0007 10465.4

0 1.946 0.0007 0
1 1.946 0.0007 10289.6

0 1.9467 0.0007 0
1 1.9467 0.0007 10846.5

0 1.9474 0.0007 0
1 1.9474 0.0007 12733

0 1.9481 0.0007 0
1 1.9481 0.0007 10089.3

0 1.9488 0.0007 0
1 1.9488 0.0007 8878.75

0 1.9495 0.0007 0
1 1.9495 0.0007 9064.81

0 1.9502 0.0007 0
1 1.9502 0.0007 10985.8

0 1.9509 0.0007 0
1 1.9509 0.0007 12361.2

0 1.9516 0.0007 0
1 1.9516 0.0007 10625.5

0 1.9523 0.0007 0
1 1.9523 0.0007 9829.97

0 1.953 0.0007 0
1 1.953 0.0007 10851.7

0 1.9537 0.0007 0
1 1.9537 0.0007 11056.8

0 1.9544 0.0007 0
1 1.9544 0.0007 10177.3

0 1.9551 0.0007 0
1 1.9551 0.0007 10302.8

0 1.9558 0.0007 0
1 1.9558 0.0007 10819.6

0 1.9565 0.0007 0
1 1.9565 0.0007 10590

0 1.9572 0.0007 0
1 1.9572 0.0007 10813.3

0 1.9579 0.0007 0
1 1.9579 0.0007 10573.5

0 1.9586 0.0007 0
1 1.9586 0.0007 10978.9

0 1.9593 0.0007 0
1 1.9593 0.0007 10733.1

0 1.96 0.0007 0
1 1.96 0.0007 9435.07

0 1.9607 0.0007 0
1 1.9607 0.0007 9384.95

0 1.9614 0.0007 0
1 1.9614 0.0007 12839.2

0 1.9621 0.0007 0
1 1.9621 0.0007 10382.7

0 1.9628 0.0007 0
1 1.9628 0.0007 10387.9

0 1.9635 0.0007 0
1 1.9635 0.0007 10882.7

0 1.9642 0.0007 0
1 1.9642 0.0007 10548.3

0 1.9649 0.0007 0
1 1.9649 0.0007 10567

0 1.9656 0.0007 0
1 1.9656 0.0007 10485

0 1.9663 0.0007 0
1 1.9663 0.0007 11117.7

0 1.967 0.0007 0
1 1.967 0.0007 10323.5

0 1.9677 0.0007 0
1 1.9677 0.0007 10108.6

0 1.9684 0.0007 0
1 1.9684 0.0007 10686.9

0 1.9691 0.0007 0
1 1.9691 0.0007 11177.6

0 1.9698 0.0007 0
1 1.9698 0.0007 9262.72

0 1.9705 0.0007 0
1 1.9705 0.0007 9806.42

0 1.9712 0.0007 0
1 1.9712 0.0007 11319.9

0 1.9719 0.0007 0
1 1.9719 0.0007 13581.5

0 1.9726 0.0007 0
1 1.9726 0.0007 10835.4

0 1.9733 0.0007 0
1 1.9733 0.0007 9004.24

0 1.974 0.0007 0
1 1.974 0.0007 9158.3

0 1.9747 0.0007 0
1 1.9747 0.0007 10691.5

0 1.9754 0.0007 0
1 1.9754 0.0007 11392.1

0 1.9761 0.0007 0
1 1.9761 0.0007 10413.1

0 1.9768 0.0007 0
1 1.9768 0.0007 10048.7

0 1.9775 0.0007 0
1 1.9775 0.0007 10794.4

0 1.9782 0.0007 0
1 1.9782 0.0007 10641.4

0 1.9789 0.0007 0
1 1.9789 0.0007 10587.2

0 1.9796 0.0007 0
1 1.9796 0.0007 10899.4

0 1.9803 0.0007 0
1 1.9803 0.0007 11328.8

0 1.981 0.0007 0
1 1.981 0.0007 11022.2

0 1.9817 0.0007 0
1 1.9817 0.0007 10247.3

0 1.9824 0.0007 0
1 1.9824 0.0007 11057.2

0 1.9831 0.0007 0
1 1.9831 0.0007 10267.3

0 1.9838 0.0007 0
1 1.9838 0.0007 9042.88

0 1.9845 0.0007 0
1 1.9845 0.0007 13117.1

0 1.9852 0.0007 0
1 1.9852 0.0007 11004.3

0 1.9859 0.0007 0
1 1.9859 0.0007 9746.18

0 1.9866 0.0007 0
1 1.9866 0.0007 11181.1

0 1.9873 0.0007 0
1 1.9873 0.0007 10424.6

0 1.988 0.0007 0
1 1.988 0.0007 10476

0 1.9887 0.0007 0
1 1.9887 0.0007 11237.1

0 1.9894 0.0007 0
1 1.9894 0.0007 10562.7

0 1.9901 0.0007 0
1 1.9901 0.0007 10536.7

0 1.9908 0.0007 0
1 1.9908 0.0007 9996.13

0 1.9915 0.0007 0
1 1.9915 0.0007 10849.4

0 1.9922 0.0007 0
1 1.9922 0.0007 10868.5

0 1.9929 0.0007 0
1 1.9929 0.0007 10377.7

0 1.9936 0.0007 0
1 1.9936 0.0007 10693.9

0 1.9943 0.0007 0
1 1.9943 0.0007 12498.3

0 1.995 0.0007 0
1 1.995 0.0007 10675

0 1.9957 0.0007 0
1 1.9957 0.0007 8440.85

0 1.9964 0.0007 0
1 1.9964 0.0007 8934.5

0 1.9971 0.0007 0
1 1.9971 0.0007 10448.4

0 1.9978 0.0007 0
1 1.9978 0.0007 12691.3

0 1.9985 0.0007 0
1 1.9985 0.0007 10845.6

0 1.9992 0.0007 0
1 1.9992 0.0007 9776.17

0 1.9999 0.0007 0
1 1.9999 0.0007 10712.5

0 2.0006 0.0007 0
1 2.0006 0.0007 11167.9

0 2.0013 0.0007 0
1 2.0013 0.0007 10255.6

0 2.002 0.0007 0
1 2.002 0.0007 10330.3

0 2.0027 0.0007 0
1 2.0027 0.0007 10787.7

0 2.0034 0.0007 0
1 2.0034 0.0007 10663.2

0 2.0041 0.0007 0
1 2.0041 0.0007 10894.8

0 2.0048 0.0007 0
1 2.0048 0.0007 10396.4

0 2.0055 0.0007 0
1 2.0055 0.0007 11026.3

0 2.0062 0.0007 0
1 2.0062 0.0007 10969.8

0 2.0069 0.0007 0
1 2.0069 0.0007 9188.04

0 2.0076 0.0007 0
1 2.0076 0.0007 9342.43

0 2.0083 0.0007 0
1 2.0083 0.0007 13393.8

0 2.009 0.0007 0
1 2.009 0.0007 10567.8

0 2.0097 0.0007 0
1 2.0097 0.0007 10205.3

0 2.0104 0.0007 0
1 2.0104 0.0007 10510.8

0 2.0111 0.0007 0
1 2.0111 0.0007 10356.3

0 2.0118 0.0007 0
1 2.0118 0.0007 10953.7

0 2.0125 0.0007 0
1 2.0125 0.0007 10483.8

0 2.0132 0.0007 0
1 2.0132 0.0007 10893.6

0 2.0139 0.0007 0
1 2.0139 0.0007 10480.2

0 2.0146 0.0007 0
1 2.0146 0.0007 9959.29

0 2.0153 0.0007 0
1 2.0153 0.0007 10378.7

0 2.016 0.0007 0
1 2.016 0.0007 11145.3

0 2.0167 0.0007 0
1 2.0167 0.0007 9432.83

0 2.0174 0.0007 0
1 2.0174 0.0007 9870.24

0 2.0181 0.0007 0
1 2.0181 0.0007 11283.6

0 2.0188 0.0007 0
1 2.0188 0.0007 13863.3

0 2.0195 0.0007 0
1 2.0195 0.0007 11176.4

0 2.0202 0.0007 0
1 2.0202 0.0007 8593.75

0 2.0209 0.0007 0
1 2.0209 0.0007 9173.33

0 2.0216 0.0007 0
1 2.0216 0.0007 10675.7

0 2.0223 0.0007 0
1 2.0223 0.0007 11221.9

0 2.023 0.0007 0
1 2.023 0.0007 10813.2

0 2.0237 0.0007 0
1 2.0237 0.0007 10287.7

0 2.0244 0.0007 0
1 2.0244 0.0007 10954.3

0 2.0251 0.0007 0
1 2.0251 0.0007 10668

0 2.0258 0.0007 0
1 2.0258 0.0007 10541.4

0 2.0265 0.0007 0
1 2.0265 0.0007 10804.5

0 2.0272 0.0007 0
1 2.0272 0.0007 11173.1

0 2.0279 0.0007 0
1 2.0279 0.0007 11130

0 2.0286 0.0007 0
1 2.0286 0.0007 10319.3

0 2.0293 0.0007 0
1 2.0293 0.0007 11032.6

0 2.03 0.0007 0
1 2.03 0.0007 10541.4

0 2.0307 0.0007 0
1 2.0307 0.0007 9403.38

0 2.0314 0.0007 0
1 2.0314 0.0007 13332.5

0 2.0321 0.0007 0
1 2.0321 0.0007 10675.6

0 2.0328 0.0007 0
1 2.0328 0.0007 9848.21

0 2.0335 0.0007 0
1 2.0335 0.0007 11175.5

0 2.0342 0.0007 0
1 2.0342 0.0007 10366.9

0 2.0349 0.0007 0
1 2.0349 0.0007 10219.4

0 2.0356 0.0007 0
1 2.0356 0.0007 11185.2

0 2.0363 0.0007 0
1 2.0363 0.0007 10880.6

0 2.037 0.0007 0
1 2.037 0.0007 10431

0 2.0377 0.0007 0
1 2.0377 0.0007 10221

0 2.0384 0.0007 0
1 2.0384 0.0007 10539.3

0 2.0391 0.0007 0
1 2.0391 0.0007 10998.5

0 2.0398 0.0007 0
1 2.0398 0.0007 10506.3

0 2.0405 0.0007 0
1 2.0405 0.0007 10434.4

0 2.0412 0.0007 0
1 2.0412 0.0007 12030.4

0 2.0419 0.0007 0
1 2.0419 0.0007 11132.6

0 2.0426 0.0007 0
1 2.0426 0.0007 8754.82

0 2.0433 0.0007 0
1 2.0433 0.0007 8963.53

0 2.044 0.0007 0
1 2.044 0.0007 9693.63

0 2.0447 0.0007 0
1 2.0447 0.0007 12643.7

0 2.0454 0.0007 0
1 2.0454 0.0007 11238.5

0 2.0461 0.0007 0
1 2.0461 0.0007 9562.95

0 2.0468 0.0007 0
1 2.0468 0.0007 10536.4

0 2.0475 0.0007 0
1 2.0475 0.0007 11116.1

0 2.0482 0.0007 0
1 2.0482 0.0007 10469

0 2.0489 0.0007 0
1 2.0489 0.0007 10192.1

0 2.0496 0.0007 0
1 2.0496 0.0007 11082.6

0 2.0503 0.0007 0
1 2.0503 0.0007 10637

0 2.051 0.0007 0
1 2.051 0.0007 11071.4

0 2.0517 0.0007 0
1 2.0517 0.0007 10568.8

0 2.0524 0.0007 0
1 2.0524 0.0007 10841.6

0 2.0531 0.0007 0
1 2.0531 0.0007 11143

0 2.0538 0.0007 0
1 2.0538 0.0007 9388.28

0 2.0545 0.0007 0
1 2.0545 0.0007 9128.49

0 2.0552 0.0007 0
1 2.0552 0.0007 13327.7

0 2.0559 0.0007 0
1 2.0559 0.0007 10572.8

0 2.0566 0.0007 0
1 2.0566 0.0007 9909.08

0 2.0573 0.0007 0
1 2.0573 0.0007 10921.2

0 2.058 0.0007 0
1 2.058 0.0007 10691.2

0 2.0587 0.0007 0
1 2.0587 0.0007 10699.1

0 2.0594 0.0007 0
1 2.0594 0.0007 10529.1

0 2.0601 0.0007 0
1 2.0601 0.0007 10694.7

0 2.0608 0.0007 0
1 2.0608 0.0007 10798.8

0 2.0615 0.0007 0
1 2.0615 0.0007 10095.9

0 2.0622 0.0007 0
1 2.0622 0.0007 10502.5

0 2.0629 0.0007 0
1 2.0629 0.0007 11273.4

0 2.0636 0.0007 0
1 2.0636 0.0007 9462.29

0 2.0643 0.0007 0
1 2.0643 0.0007 9520.19

0 2.065 0.0007 0
1 2.065 0.0007 10977.8

0 2.0657 0.0007 0
1 2.0657 0.0007 13605

0 2.0664 0.0007 0
1 2.0664 0.0007 11708.5

0 2.0671 0.0007 0
1 2.0671 0.0007 9081.12

0 2.0678 0.0007 0
1 2.0678 0.0007 8845.04

0 2.0685 0.0007 0
1 2.0685 0.0007 10554.5

0 2.0692 0.0007 0
1 2.0692 0.0007 11114.7

0 2.0699 0.0007 0
1 2.0699 0.0007 10507.6

0 2.0706 0.0007 0
1 2.0706 0.0007 10009.9

0 2.0713 0.0007 0
1 2.0713 0.0007 10923.3

0 2.072 0.0007 0
1 2.072 0.0007 10707.8

0 2.0727 0.0007 0
1 2.0727 0.0007 10710.3

0 2.0734 0.0007 0
1 2.0734 0.0007 10684.3

0 2.0741 0.0007 0
1 2.0741 0.0007 11124.8

0 2.0748 0.0007 0
1 2.0748 0.0007 11457.5

0 2.0755 0.0007 0
1 2.0755 0.0007 9909.91

0 2.0762 0.0007 0
1 2.0762 0.0007 10846.5

0 2.0769 0.0007 0
1 2.0769 0.0007 11007.7

0 2.0776 0.0007 0
1 2.0776 0.0007 9730.64

0 2.0783 0.0007 0
1 2.0783 0.0007 13323

0 2.079 0.0007 0
1 2.079 0.0007 10825.6

0 2.0797 0.0007 0
1 2.0797 0.0007 10015

0 2.0804 0.0007 0
1 2.0804 0.0007 10941

0 2.0811 0.0007 0
1 2.0811 0.0007 10454.5

0 2.0818 0.0007 0
1 2.0818 0.0007 10403.1

0 2.0825 0.0007 0
1 2.0825 0.0007 11038.5

0 2.0832 0.0007 0
1 2.0832 0.0007 11080.1

0 2.0839 0.0007 0
1 2.0839 0.0007 10671.3

0 2.0846 0.0007 0
1 2.0846 0.0007 10186.8

0 2.0853 0.0007 0
1 2.0853 0.0007 10400.4

0 2.086 0.0007 0
1 2.086 0.0007 11050.4

0 2.0867 0.0007 0
1 2.0867 0.0007 10530.4

0 2.0874 0.0007 0
1 2.0874 0.0007 10509.1

0 2.0881 0.0007 0
1 2.0881 0.0007 11749.1

0 2.0888 0.0007 0
1 2.0888 0.0007 11773

0 2.0895 0.0007 0
1 2.0895 0.0007 8634.94

0 2.0902 0.0007 0
1 2.0902 0.0007 8872.11

0 2.0909 0.0007 0
1 2.0909 0.0007 9303.12

0 2.0916 0.0007 0
1 2.0916 0.0007 12706.4

0 2.0923 0.0007 0
1 2.0923 0.0007 11541.6

0 2.093 0.0007 0
1 2.093 0.0007 9768.38

0 2.0937 0.0007 0
1 2.0937 0.0007 10471.4

0 2.0944 0.0007 0
1 2.0944 0.0007 11056.5

0 2.0951 0.0007 0
1 2.0951 0.0007 10578.5

0 2.0958 0.0007 0
1 2.0958 0.0007 10088.5

0 2.0965 0.0007 0
1 2.0965 0.0007 10911.9

0 2.0972 0.0007 0
1 2.0972 0.0007 10520.2

0 2.0979 0.0007 0
1 2.0979 0.0007 10784.3

0 2.0986 0.0007 0
1 2.0986 0.0007 10800.8

0 2.0993 0.0007 0
1 2.0993 0.0007 10729.6

0 2.1 0.0007 0
1 2.1 0.0007 11455.8

