#Turbine    Time(s)    dt(s)    thrust (N)
0 1.302 0.0007 -344113
1 1.302 0.0007 1533.87

0 1.3027 0.0007 -344092
1 1.3027 0.0007 1223.55

0 1.3034 0.0007 -344069
1 1.3034 0.0007 909.004

0 1.3041 0.0007 -344047
1 1.3041 0.0007 774.111

0 1.3048 0.0007 -344026
1 1.3048 0.0007 823.52

0 1.3055 0.0007 -344003
1 1.3055 0.0007 888.904

0 1.3062 0.0007 -343982
1 1.3062 0.0007 964.956

0 1.3069 0.0007 -343961
1 1.3069 0.0007 1064.39

0 1.3076 0.0007 -343941
1 1.3076 0.0007 1195.53

0 1.3083 0.0007 -343922
1 1.3083 0.0007 1400.59

0 1.309 0.0007 -343903
1 1.309 0.0007 1489.51

0 1.3097 0.0007 -343886
1 1.3097 0.0007 1540.06

0 1.3104 0.0007 -343869
1 1.3104 0.0007 1596.52

0 1.3111 0.0007 -343852
1 1.3111 0.0007 1615.13

0 1.3118 0.0007 -343837
1 1.3118 0.0007 1514.88

0 1.3125 0.0007 -343821
1 1.3125 0.0007 1549.74

0 1.3132 0.0007 -343805
1 1.3132 0.0007 1643.59

0 1.3139 0.0007 -343789
1 1.3139 0.0007 1720.75

0 1.3146 0.0007 -343775
1 1.3146 0.0007 1610.01

0 1.3153 0.0007 -343761
1 1.3153 0.0007 1494.12

0 1.316 0.0007 -343748
1 1.316 0.0007 1502.1

0 1.3167 0.0007 -343735
1 1.3167 0.0007 1580.77

0 1.3174 0.0007 -343722
1 1.3174 0.0007 1626.87

0 1.3181 0.0007 -343709
1 1.3181 0.0007 1562.67

0 1.3188 0.0007 -343697
1 1.3188 0.0007 1564.86

0 1.3195 0.0007 -343685
1 1.3195 0.0007 1573.34

0 1.3202 0.0007 -343673
1 1.3202 0.0007 1581.03

0 1.3209 0.0007 -343661
1 1.3209 0.0007 1581.28

0 1.3216 0.0007 -343649
1 1.3216 0.0007 1589.08

0 1.3223 0.0007 -343637
1 1.3223 0.0007 1609.97

0 1.323 0.0007 -343626
1 1.323 0.0007 1584.02

0 1.3237 0.0007 -343615
1 1.3237 0.0007 1555.14

0 1.3244 0.0007 -343604
1 1.3244 0.0007 1602.19

0 1.3251 0.0007 -343593
1 1.3251 0.0007 1537.03

0 1.3258 0.0007 -343580
1 1.3258 0.0007 1496.29

0 1.3265 0.0007 -343568
1 1.3265 0.0007 1697.18

0 1.3272 0.0007 -343558
1 1.3272 0.0007 1593.45

0 1.3279 0.0007 -343547
1 1.3279 0.0007 1537.48

0 1.3286 0.0007 -343535
1 1.3286 0.0007 1594.31

0 1.3293 0.0007 -343522
1 1.3293 0.0007 1567.81

0 1.33 0.0007 -343510
1 1.33 0.0007 1554.64

0 1.3307 0.0007 -343498
1 1.3307 0.0007 1599.62

0 1.3314 0.0007 -343485
1 1.3314 0.0007 1569.9

0 1.3321 0.0007 -343471
1 1.3321 0.0007 1572.88

0 1.3328 0.0007 -343457
1 1.3328 0.0007 1555.82

0 1.3335 0.0007 -343444
1 1.3335 0.0007 1588.18

0 1.3342 0.0007 -343431
1 1.3342 0.0007 1578.86

0 1.3349 0.0007 -343417
1 1.3349 0.0007 1581.82

0 1.3356 0.0007 -343400
1 1.3356 0.0007 1595.52

0 1.3363 0.0007 -343387
1 1.3363 0.0007 1705.64

0 1.337 0.0007 -343375
1 1.337 0.0007 1604.67

0 1.3377 0.0007 -343361
1 1.3377 0.0007 1469.29

0 1.3384 0.0007 -343344
1 1.3384 0.0007 1492.87

0 1.3391 0.0007 -343324
1 1.3391 0.0007 1585.18

0 1.3398 0.0007 -343307
1 1.3398 0.0007 1685.78

0 1.3405 0.0007 -343291
1 1.3405 0.0007 1623

0 1.3412 0.0007 -343273
1 1.3412 0.0007 1546.56

0 1.3419 0.0007 -343254
1 1.3419 0.0007 1597.78

0 1.3426 0.0007 -343237
1 1.3426 0.0007 1611.55

0 1.3433 0.0007 -343218
1 1.3433 0.0007 1566.07

0 1.344 0.0007 -343201
1 1.344 0.0007 1565.11

0 1.3447 0.0007 -343182
1 1.3447 0.0007 1589.91

0 1.3454 0.0007 -343164
1 1.3454 0.0007 1601.07

0 1.3461 0.0007 -343146
1 1.3461 0.0007 1592.37

0 1.3468 0.0007 -343125
1 1.3468 0.0007 1560.85

0 1.3475 0.0007 -343107
1 1.3475 0.0007 1572.76

0 1.3482 0.0007 -343089
1 1.3482 0.0007 1559.62

0 1.3489 0.0007 -343068
1 1.3489 0.0007 1464.09

0 1.3496 0.0007 -343050
1 1.3496 0.0007 1451.29

0 1.3503 0.0007 -343031
1 1.3503 0.0007 1645.19

0 1.351 0.0007 -343011
1 1.351 0.0007 1507

0 1.3517 0.0007 -342994
1 1.3517 0.0007 1494.46

0 1.3524 0.0007 -342975
1 1.3524 0.0007 1506.39

0 1.3531 0.0007 -342957
1 1.3531 0.0007 1490.95

0 1.3538 0.0007 -342940
1 1.3538 0.0007 1528.98

0 1.3545 0.0007 -342923
1 1.3545 0.0007 1523.18

0 1.3552 0.0007 -342906
1 1.3552 0.0007 1562.46

0 1.3559 0.0007 -342891
1 1.3559 0.0007 1538.94

0 1.3566 0.0007 -342875
1 1.3566 0.0007 1524.91

0 1.3573 0.0007 -342860
1 1.3573 0.0007 1545.45

0 1.358 0.0007 -342845
1 1.358 0.0007 1584.41

0 1.3587 0.0007 -342831
1 1.3587 0.0007 1482.78

0 1.3594 0.0007 -342817
1 1.3594 0.0007 1505.52

0 1.3601 0.0007 -342803
1 1.3601 0.0007 1614.71

0 1.3608 0.0007 -342788
1 1.3608 0.0007 1716.8

0 1.3615 0.0007 -342775
1 1.3615 0.0007 1602.58

0 1.3622 0.0007 -342764
1 1.3622 0.0007 1460.28

0 1.3629 0.0007 -342752
1 1.3629 0.0007 1479.9

0 1.3636 0.0007 -342741
1 1.3636 0.0007 1563.84

0 1.3643 0.0007 -342730
1 1.3643 0.0007 1600.9

0 1.365 0.0007 -342719
1 1.365 0.0007 1572.42

0 1.3657 0.0007 -342708
1 1.3657 0.0007 1535.59

0 1.3664 0.0007 -342698
1 1.3664 0.0007 1567.96

0 1.3671 0.0007 -342688
1 1.3671 0.0007 1562.2

0 1.3678 0.0007 -342678
1 1.3678 0.0007 1569.33

0 1.3685 0.0007 -342668
1 1.3685 0.0007 1568.16

0 1.3692 0.0007 -342658
1 1.3692 0.0007 1600.49

0 1.3699 0.0007 -342649
1 1.3699 0.0007 1591.25

0 1.3706 0.0007 -342639
1 1.3706 0.0007 1551.53

0 1.3713 0.0007 -342630
1 1.3713 0.0007 1578.84

0 1.372 0.0007 -342621
1 1.372 0.0007 1546.04

0 1.3727 0.0007 -342611
1 1.3727 0.0007 1477.86

0 1.3734 0.0007 -342600
1 1.3734 0.0007 1703.41

0 1.3741 0.0007 -342593
1 1.3741 0.0007 1573.66

0 1.3748 0.0007 -342583
1 1.3748 0.0007 1519.11

0 1.3755 0.0007 -342572
1 1.3755 0.0007 1577.33

0 1.3762 0.0007 -342562
1 1.3762 0.0007 1555.58

0 1.3769 0.0007 -342552
1 1.3769 0.0007 1547.29

0 1.3776 0.0007 -342541
1 1.3776 0.0007 1598.04

0 1.3783 0.0007 -342530
1 1.3783 0.0007 1566.98

0 1.379 0.0007 -342519
1 1.379 0.0007 1561.14

0 1.3797 0.0007 -342507
1 1.3797 0.0007 1545.96

0 1.3804 0.0007 -342496
1 1.3804 0.0007 1570.55

0 1.3811 0.0007 -342484
1 1.3811 0.0007 1574.34

0 1.3818 0.0007 -342473
1 1.3818 0.0007 1571.73

0 1.3825 0.0007 -342459
1 1.3825 0.0007 1570.95

0 1.3832 0.0007 -342447
1 1.3832 0.0007 1667.8

0 1.3839 0.0007 -342437
1 1.3839 0.0007 1619.35

0 1.3846 0.0007 -342425
1 1.3846 0.0007 1463.4

0 1.3853 0.0007 -342410
1 1.3853 0.0007 1469.18

0 1.386 0.0007 -342393
1 1.386 0.0007 1526.79

0 1.3867 0.0007 -342377
1 1.3867 0.0007 1676.07

0 1.3874 0.0007 -342363
1 1.3874 0.0007 1608.55

0 1.3881 0.0007 -342348
1 1.3881 0.0007 1525.76

0 1.3888 0.0007 -342331
1 1.3888 0.0007 1581.51

0 1.3895 0.0007 -342315
1 1.3895 0.0007 1580.86

0 1.3902 0.0007 -342299
1 1.3902 0.0007 1559.15

0 1.3909 0.0007 -342284
1 1.3909 0.0007 1544.11

0 1.3916 0.0007 -342268
1 1.3916 0.0007 1576.63

0 1.3923 0.0007 -342251
1 1.3923 0.0007 1559.93

0 1.393 0.0007 -342236
1 1.393 0.0007 1576.73

0 1.3937 0.0007 -342218
1 1.3937 0.0007 1548.53

0 1.3944 0.0007 -342202
1 1.3944 0.0007 1567.39

0 1.3951 0.0007 -342186
1 1.3951 0.0007 1574.65

0 1.3958 0.0007 -342167
1 1.3958 0.0007 1479

0 1.3965 0.0007 -342151
1 1.3965 0.0007 1464.85

0 1.3972 0.0007 -342135
1 1.3972 0.0007 1705.05

0 1.3979 0.0007 -342117
1 1.3979 0.0007 1541.93

0 1.3986 0.0007 -342102
1 1.3986 0.0007 1511.33

0 1.3993 0.0007 -342086
1 1.3993 0.0007 1556.2

0 1.4 0.0007 -342070
1 1.4 0.0007 1540.04

0 1.4007 0.0007 -342056
1 1.4007 0.0007 1551.63

0 1.4014 0.0007 -342041
1 1.4014 0.0007 1550.91

0 1.4021 0.0007 -342027
1 1.4021 0.0007 1569.05

0 1.4028 0.0007 -342013
1 1.4028 0.0007 1560.38

0 1.4035 0.0007 -342000
1 1.4035 0.0007 1529.9

0 1.4042 0.0007 -341987
1 1.4042 0.0007 1552.94

0 1.4049 0.0007 -341974
1 1.4049 0.0007 1578.49

0 1.4056 0.0007 -341963
1 1.4056 0.0007 1503.05

0 1.4063 0.0007 -341952
1 1.4063 0.0007 1500.91

0 1.407 0.0007 -341940
1 1.407 0.0007 1599.38

0 1.4077 0.0007 -341928
1 1.4077 0.0007 1716.21

0 1.4084 0.0007 -341917
1 1.4084 0.0007 1632.37

0 1.4091 0.0007 -341908
1 1.4091 0.0007 1471.12

0 1.4098 0.0007 -341899
1 1.4098 0.0007 1466.01

0 1.4105 0.0007 -341890
1 1.4105 0.0007 1558.26

0 1.4112 0.0007 -341881
1 1.4112 0.0007 1585.39

0 1.4119 0.0007 -341873
1 1.4119 0.0007 1576.09

0 1.4126 0.0007 -341865
1 1.4126 0.0007 1530

0 1.4133 0.0007 -341857
1 1.4133 0.0007 1572.3

0 1.414 0.0007 -341849
1 1.414 0.0007 1547.38

0 1.4147 0.0007 -341842
1 1.4147 0.0007 1561.2

0 1.4154 0.0007 -341835
1 1.4154 0.0007 1558.29

0 1.4161 0.0007 -341827
1 1.4161 0.0007 1591.96

0 1.4168 0.0007 -341820
1 1.4168 0.0007 1591.55

0 1.4175 0.0007 -341814
1 1.4175 0.0007 1546.58

0 1.4182 0.0007 -341808
1 1.4182 0.0007 1567.1

0 1.4189 0.0007 -341801
1 1.4189 0.0007 1558.28

0 1.4196 0.0007 -341793
1 1.4196 0.0007 1491.71

0 1.4203 0.0007 -341786
1 1.4203 0.0007 1707.1

0 1.421 0.0007 -341781
1 1.421 0.0007 1587.76

0 1.4217 0.0007 -341774
1 1.4217 0.0007 1527.21

0 1.4224 0.0007 -341766
1 1.4224 0.0007 1566.91

0 1.4231 0.0007 -341758
1 1.4231 0.0007 1548.11

0 1.4238 0.0007 -341751
1 1.4238 0.0007 1537.08

0 1.4245 0.0007 -341743
1 1.4245 0.0007 1572.57

0 1.4252 0.0007 -341735
1 1.4252 0.0007 1568.13

0 1.4259 0.0007 -341726
1 1.4259 0.0007 1556.6

0 1.4266 0.0007 -341717
1 1.4266 0.0007 1544.79

0 1.4273 0.0007 -341709
1 1.4273 0.0007 1550.3

0 1.428 0.0007 -341700
1 1.428 0.0007 1579.01

0 1.4287 0.0007 -341692
1 1.4287 0.0007 1571.44

0 1.4294 0.0007 -341681
1 1.4294 0.0007 1559.43

0 1.4301 0.0007 -341671
1 1.4301 0.0007 1651.43

0 1.4308 0.0007 -341663
1 1.4308 0.0007 1632

0 1.4315 0.0007 -341655
1 1.4315 0.0007 1458.53

0 1.4322 0.0007 -341644
1 1.4322 0.0007 1465.21

0 1.4329 0.0007 -341629
1 1.4329 0.0007 1493.79

0 1.4336 0.0007 -341615
1 1.4336 0.0007 1650.86

0 1.4343 0.0007 -341605
1 1.4343 0.0007 1628.49

0 1.435 0.0007 -341593
1 1.435 0.0007 1520.56

0 1.4357 0.0007 -341579
1 1.4357 0.0007 1547.01

0 1.4364 0.0007 -341566
1 1.4364 0.0007 1583.15

0 1.4371 0.0007 -341553
1 1.4371 0.0007 1564.93

0 1.4378 0.0007 -341540
1 1.4378 0.0007 1536.19

0 1.4385 0.0007 -341527
1 1.4385 0.0007 1579.72

0 1.4392 0.0007 -341513
1 1.4392 0.0007 1567.34

0 1.4399 0.0007 -341500
1 1.4399 0.0007 1572.15

0 1.4406 0.0007 -341486
1 1.4406 0.0007 1546.18

0 1.4413 0.0007 -341472
1 1.4413 0.0007 1562.13

0 1.442 0.0007 -341459
1 1.442 0.0007 1593.18

0 1.4427 0.0007 -341442
1 1.4427 0.0007 1487.58

0 1.4434 0.0007 -341429
1 1.4434 0.0007 1469.18

0 1.4441 0.0007 -341416
1 1.4441 0.0007 1691.6

0 1.4448 0.0007 -341401
1 1.4448 0.0007 1568.54

0 1.4455 0.0007 -341389
1 1.4455 0.0007 1509.79

0 1.4462 0.0007 -341376
1 1.4462 0.0007 1566.06

0 1.4469 0.0007 -341363
1 1.4469 0.0007 1567.25

0 1.4476 0.0007 -341351
1 1.4476 0.0007 1556.41

0 1.4483 0.0007 -341339
1 1.4483 0.0007 1552.96

0 1.449 0.0007 -341328
1 1.449 0.0007 1547.72

0 1.4497 0.0007 -341318
1 1.4497 0.0007 1565.1

0 1.4504 0.0007 -341307
1 1.4504 0.0007 1538.21

0 1.4511 0.0007 -341298
1 1.4511 0.0007 1544.13

0 1.4518 0.0007 -341287
1 1.4518 0.0007 1593.9

0 1.4525 0.0007 -341279
1 1.4525 0.0007 1504.07

0 1.4532 0.0007 -341271
1 1.4532 0.0007 1496.12

0 1.4539 0.0007 -341262
1 1.4539 0.0007 1583.61

0 1.4546 0.0007 -341253
1 1.4546 0.0007 1715.81

0 1.4553 0.0007 -341244
1 1.4553 0.0007 1651.96

0 1.456 0.0007 -341238
1 1.456 0.0007 1499.82

0 1.4567 0.0007 -341232
1 1.4567 0.0007 1440.85

0 1.4574 0.0007 -341226
1 1.4574 0.0007 1538.19

0 1.4581 0.0007 -341220
1 1.4581 0.0007 1585.11

0 1.4588 0.0007 -341215
1 1.4588 0.0007 1563.36

0 1.4595 0.0007 -341209
1 1.4595 0.0007 1532.47

0 1.4602 0.0007 -341204
1 1.4602 0.0007 1573.9

0 1.4609 0.0007 -341200
1 1.4609 0.0007 1562.15

0 1.4616 0.0007 -341196
1 1.4616 0.0007 1566.66

0 1.4623 0.0007 -341191
1 1.4623 0.0007 1543.72

0 1.463 0.0007 -341186
1 1.463 0.0007 1576.33

0 1.4637 0.0007 -341182
1 1.4637 0.0007 1610.42

0 1.4644 0.0007 -341179
1 1.4644 0.0007 1531.19

0 1.4651 0.0007 -341176
1 1.4651 0.0007 1563.89

0 1.4658 0.0007 -341172
1 1.4658 0.0007 1559.27

0 1.4665 0.0007 -341167
1 1.4665 0.0007 1502.37

0 1.4672 0.0007 -341163
1 1.4672 0.0007 1469.11

0 1.4679 0.0007 -341159
1 1.4679 0.0007 1639.48

0 1.4686 0.0007 -341156
1 1.4686 0.0007 1547.26

0 1.4693 0.0007 -341151
1 1.4693 0.0007 1575.56

0 1.47 0.0007 -341146
1 1.47 0.0007 1563.77

0 1.4707 0.0007 -341142
1 1.4707 0.0007 1505.18

0 1.4714 0.0007 -341137
1 1.4714 0.0007 1569.76

0 1.4721 0.0007 -341132
1 1.4721 0.0007 1567.87

0 1.4728 0.0007 -341127
1 1.4728 0.0007 1556.81

0 1.4735 0.0007 -341120
1 1.4735 0.0007 1543.91

0 1.4742 0.0007 -341114
1 1.4742 0.0007 1546.04

0 1.4749 0.0007 -341108
1 1.4749 0.0007 1573.61

0 1.4756 0.0007 -341104
1 1.4756 0.0007 1560.83

0 1.4763 0.0007 -341095
1 1.4763 0.0007 1566.1

0 1.477 0.0007 -341088
1 1.477 0.0007 1621.79

0 1.4777 0.0007 -341083
1 1.4777 0.0007 1654.15

0 1.4784 0.0007 -341078
1 1.4784 0.0007 1470.3

0 1.4791 0.0007 -341071
1 1.4791 0.0007 1462.2

0 1.4798 0.0007 -341059
1 1.4798 0.0007 1473.1

0 1.4805 0.0007 -341047
1 1.4805 0.0007 1635.62

0 1.4812 0.0007 -341039
1 1.4812 0.0007 1644.7

0 1.4819 0.0007 -341031
1 1.4819 0.0007 1533.59

0 1.4826 0.0007 -341019
1 1.4826 0.0007 1519.47

0 1.4833 0.0007 -341009
1 1.4833 0.0007 1583.26

0 1.484 0.0007 -340999
1 1.484 0.0007 1575.86

0 1.4847 0.0007 -340989
1 1.4847 0.0007 1526.06

0 1.4854 0.0007 -340979
1 1.4854 0.0007 1576.9

0 1.4861 0.0007 -340967
1 1.4861 0.0007 1562.79

0 1.4868 0.0007 -340958
1 1.4868 0.0007 1560.44

0 1.4875 0.0007 -340946
1 1.4875 0.0007 1558.8

0 1.4882 0.0007 -340934
1 1.4882 0.0007 1551.66

0 1.4889 0.0007 -340925
1 1.4889 0.0007 1607.6

0 1.4896 0.0007 -340911
1 1.4896 0.0007 1497.76

0 1.4903 0.0007 -340901
1 1.4903 0.0007 1477.52

0 1.491 0.0007 -340891
1 1.491 0.0007 1709.26

0 1.4917 0.0007 -340878
1 1.4917 0.0007 1569.32

0 1.4924 0.0007 -340868
1 1.4924 0.0007 1500.23

0 1.4931 0.0007 -340859
1 1.4931 0.0007 1565.88

0 1.4938 0.0007 -340848
1 1.4938 0.0007 1563.97

0 1.4945 0.0007 -340839
1 1.4945 0.0007 1532.8

0 1.4952 0.0007 -340830
1 1.4952 0.0007 1551.91

0 1.4959 0.0007 -340821
1 1.4959 0.0007 1550.12

0 1.4966 0.0007 -340813
1 1.4966 0.0007 1565.93

0 1.4973 0.0007 -340806
1 1.4973 0.0007 1544.79

0 1.498 0.0007 -340799
1 1.498 0.0007 1540.44

0 1.4987 0.0007 -340791
1 1.4987 0.0007 1576.34

0 1.4994 0.0007 -340785
1 1.4994 0.0007 1532.7

0 1.5001 0.0007 -340780
1 1.5001 0.0007 1489.08

0 1.5008 0.0007 -340774
1 1.5008 0.0007 1558.51

0 1.5015 0.0007 -340767
1 1.5015 0.0007 1684.01

0 1.5022 0.0007 -340761
1 1.5022 0.0007 1674.01

0 1.5029 0.0007 -340757
1 1.5029 0.0007 1511.7

0 1.5036 0.0007 -340754
1 1.5036 0.0007 1455.28

0 1.5043 0.0007 -340750
1 1.5043 0.0007 1520.23

0 1.505 0.0007 -340747
1 1.505 0.0007 1582.87

0 1.5057 0.0007 -340744
1 1.5057 0.0007 1570.34

0 1.5064 0.0007 -340742
1 1.5064 0.0007 1533.47

0 1.5071 0.0007 -340739
1 1.5071 0.0007 1571.17

0 1.5078 0.0007 -340737
1 1.5078 0.0007 1554.55

0 1.5085 0.0007 -340735
1 1.5085 0.0007 1576.84

0 1.5092 0.0007 -340733
1 1.5092 0.0007 1556.54

0 1.5099 0.0007 -340731
1 1.5099 0.0007 1573.14

0 1.5106 0.0007 -340730
1 1.5106 0.0007 1595.34

0 1.5113 0.0007 -340729
1 1.5113 0.0007 1536.01

0 1.512 0.0007 -340728
1 1.512 0.0007 1550.02

0 1.5127 0.0007 -340726
1 1.5127 0.0007 1570.9

0 1.5134 0.0007 -340725
1 1.5134 0.0007 1501.05

0 1.5141 0.0007 -340723
1 1.5141 0.0007 1468.46

0 1.5148 0.0007 -340720
1 1.5148 0.0007 1658.5

0 1.5155 0.0007 -340720
1 1.5155 0.0007 1565.09

0 1.5162 0.0007 -340718
1 1.5162 0.0007 1566.91

0 1.5169 0.0007 -340716
1 1.5169 0.0007 1561.27

0 1.5176 0.0007 -340714
1 1.5176 0.0007 1511.99

0 1.5183 0.0007 -340712
1 1.5183 0.0007 1566.06

0 1.519 0.0007 -340709
1 1.519 0.0007 1579.32

0 1.5197 0.0007 -340706
1 1.5197 0.0007 1561.19

0 1.5204 0.0007 -340702
1 1.5204 0.0007 1543.07

0 1.5211 0.0007 -340698
1 1.5211 0.0007 1532.01

0 1.5218 0.0007 -340694
1 1.5218 0.0007 1570.22

0 1.5225 0.0007 -340692
1 1.5225 0.0007 1543.51

0 1.5232 0.0007 -340687
1 1.5232 0.0007 1562.99

0 1.5239 0.0007 -340681
1 1.5239 0.0007 1609.55

0 1.5246 0.0007 -340678
1 1.5246 0.0007 1657.86

0 1.5253 0.0007 -340676
1 1.5253 0.0007 1509.42

0 1.526 0.0007 -340671
1 1.526 0.0007 1448.18

0 1.5267 0.0007 -340662
1 1.5267 0.0007 1462.79

0 1.5274 0.0007 -340652
1 1.5274 0.0007 1617.25

0 1.5281 0.0007 -340646
1 1.5281 0.0007 1653.54

0 1.5288 0.0007 -340640
1 1.5288 0.0007 1542.28

0 1.5295 0.0007 -340631
1 1.5295 0.0007 1517.93

0 1.5302 0.0007 -340622
1 1.5302 0.0007 1585.18

0 1.5309 0.0007 -340615
1 1.5309 0.0007 1580.2

0 1.5316 0.0007 -340606
1 1.5316 0.0007 1532.91

0 1.5323 0.0007 -340598
1 1.5323 0.0007 1546.6

0 1.533 0.0007 -340589
1 1.533 0.0007 1560.8

0 1.5337 0.0007 -340581
1 1.5337 0.0007 1564.8

0 1.5344 0.0007 -340572
1 1.5344 0.0007 1572.97

0 1.5351 0.0007 -340562
1 1.5351 0.0007 1555.61

0 1.5358 0.0007 -340554
1 1.5358 0.0007 1602.9

0 1.5365 0.0007 -340544
1 1.5365 0.0007 1511.44

0 1.5372 0.0007 -340534
1 1.5372 0.0007 1452.07

0 1.5379 0.0007 -340526
1 1.5379 0.0007 1722.69

0 1.5386 0.0007 -340515
1 1.5386 0.0007 1584.02

0 1.5393 0.0007 -340507
1 1.5393 0.0007 1498.54

0 1.54 0.0007 -340500
1 1.54 0.0007 1551.91

0 1.5407 0.0007 -340490
1 1.5407 0.0007 1576.22

0 1.5414 0.0007 -340483
1 1.5414 0.0007 1551.69

0 1.5421 0.0007 -340476
1 1.5421 0.0007 1556.66

0 1.5428 0.0007 -340469
1 1.5428 0.0007 1550.64

0 1.5435 0.0007 -340463
1 1.5435 0.0007 1560.11

0 1.5442 0.0007 -340457
1 1.5442 0.0007 1542.65

0 1.5449 0.0007 -340451
1 1.5449 0.0007 1538.49

0 1.5456 0.0007 -340445
1 1.5456 0.0007 1573

0 1.5463 0.0007 -340441
1 1.5463 0.0007 1550.63

0 1.547 0.0007 -340438
1 1.547 0.0007 1487.09

0 1.5477 0.0007 -340433
1 1.5477 0.0007 1537.2

0 1.5484 0.0007 -340428
1 1.5484 0.0007 1651.6

0 1.5491 0.0007 -340424
1 1.5491 0.0007 1686.59

0 1.5498 0.0007 -340421
1 1.5498 0.0007 1543.06

0 1.5505 0.0007 -340419
1 1.5505 0.0007 1455.61

0 1.5512 0.0007 -340418
1 1.5512 0.0007 1511.04

0 1.5519 0.0007 -340416
1 1.5519 0.0007 1574.65

0 1.5526 0.0007 -340415
1 1.5526 0.0007 1577.65

0 1.5533 0.0007 -340414
1 1.5533 0.0007 1554.74

0 1.554 0.0007 -340413
1 1.554 0.0007 1554.16

0 1.5547 0.0007 -340412
1 1.5547 0.0007 1557.27

0 1.5554 0.0007 -340412
1 1.5554 0.0007 1562.13

0 1.5561 0.0007 -340411
1 1.5561 0.0007 1555.31

0 1.5568 0.0007 -340411
1 1.5568 0.0007 1573.18

0 1.5575 0.0007 -340410
1 1.5575 0.0007 1595.04

0 1.5582 0.0007 -340411
1 1.5582 0.0007 1553.53

0 1.5589 0.0007 -340412
1 1.5589 0.0007 1530.97

0 1.5596 0.0007 -340412
1 1.5596 0.0007 1586.25

0 1.5603 0.0007 -340412
1 1.5603 0.0007 1515.8

0 1.561 0.0007 -340411
1 1.561 0.0007 1468.38

0 1.5617 0.0007 -340410
1 1.5617 0.0007 1680.78

0 1.5624 0.0007 -340412
1 1.5624 0.0007 1564.57

0 1.5631 0.0007 -340411
1 1.5631 0.0007 1549.92

0 1.5638 0.0007 -340410
1 1.5638 0.0007 1567.35

0 1.5645 0.0007 -340409
1 1.5645 0.0007 1523.04

0 1.5652 0.0007 -340408
1 1.5652 0.0007 1549.07

0 1.5659 0.0007 -340406
1 1.5659 0.0007 1582.7

0 1.5666 0.0007 -340405
1 1.5666 0.0007 1557.95

0 1.5673 0.0007 -340402
1 1.5673 0.0007 1558.07

0 1.568 0.0007 -340400
1 1.568 0.0007 1525.61

0 1.5687 0.0007 -340397
1 1.5687 0.0007 1586.82

0 1.5694 0.0007 -340396
1 1.5694 0.0007 1539.66

0 1.5701 0.0007 -340392
1 1.5701 0.0007 1548.37

0 1.5708 0.0007 -340388
1 1.5708 0.0007 1596.72

0 1.5715 0.0007 -340386
1 1.5715 0.0007 1666.17

0 1.5722 0.0007 -340384
1 1.5722 0.0007 1522.08

0 1.5729 0.0007 -340381
1 1.5729 0.0007 1448.04

0 1.5736 0.0007 -340374
1 1.5736 0.0007 1459.41

0 1.5743 0.0007 -340365
1 1.5743 0.0007 1604.88

0 1.575 0.0007 -340360
1 1.575 0.0007 1660.39

0 1.5757 0.0007 -340355
1 1.5757 0.0007 1554.28

0 1.5764 0.0007 -340347
1 1.5764 0.0007 1506.3

0 1.5771 0.0007 -340339
1 1.5771 0.0007 1576.74

0 1.5778 0.0007 -340333
1 1.5778 0.0007 1573.34

0 1.5785 0.0007 -340325
1 1.5785 0.0007 1537.74

0 1.5792 0.0007 -340319
1 1.5792 0.0007 1533.64

0 1.5799 0.0007 -340310
1 1.5799 0.0007 1569.38

0 1.5806 0.0007 -340304
1 1.5806 0.0007 1574.85

0 1.5813 0.0007 -340296
1 1.5813 0.0007 1580.15

0 1.582 0.0007 -340286
1 1.582 0.0007 1523.28

0 1.5827 0.0007 -340279
1 1.5827 0.0007 1582.09

0 1.5834 0.0007 -340270
1 1.5834 0.0007 1536.15

0 1.5841 0.0007 -340261
1 1.5841 0.0007 1472.52

0 1.5848 0.0007 -340254
1 1.5848 0.0007 1724.31

0 1.5855 0.0007 -340244
1 1.5855 0.0007 1591.39

0 1.5862 0.0007 -340236
1 1.5862 0.0007 1484.45

0 1.5869 0.0007 -340230
1 1.5869 0.0007 1557.25

0 1.5876 0.0007 -340222
1 1.5876 0.0007 1561.78

0 1.5883 0.0007 -340215
1 1.5883 0.0007 1556.59

0 1.589 0.0007 -340209
1 1.589 0.0007 1554.2

0 1.5897 0.0007 -340202
1 1.5897 0.0007 1543.43

0 1.5904 0.0007 -340197
1 1.5904 0.0007 1579.93

0 1.5911 0.0007 -340192
1 1.5911 0.0007 1547.38

0 1.5918 0.0007 -340188
1 1.5918 0.0007 1535.2

0 1.5925 0.0007 -340182
1 1.5925 0.0007 1567.28

0 1.5932 0.0007 -340178
1 1.5932 0.0007 1567.11

0 1.5939 0.0007 -340176
1 1.5939 0.0007 1482.35

0 1.5946 0.0007 -340172
1 1.5946 0.0007 1537.21

0 1.5953 0.0007 -340168
1 1.5953 0.0007 1626.94

0 1.596 0.0007 -340164
1 1.596 0.0007 1701.31

0 1.5967 0.0007 -340162
1 1.5967 0.0007 1565.68

0 1.5974 0.0007 -340161
1 1.5974 0.0007 1452.18

0 1.5981 0.0007 -340160
1 1.5981 0.0007 1483.08

0 1.5988 0.0007 -340159
1 1.5988 0.0007 1572.1

0 1.5995 0.0007 -340159
1 1.5995 0.0007 1590.98

0 1.6002 0.0007 -340158
1 1.6002 0.0007 1551.67

0 1.6009 0.0007 -340158
1 1.6009 0.0007 1548.09

0 1.6016 0.0007 -340158
1 1.6016 0.0007 1548.86

0 1.6023 0.0007 -340158
1 1.6023 0.0007 1561.7

0 1.603 0.0007 -340158
1 1.603 0.0007 1567.95

0 1.6037 0.0007 -340158
1 1.6037 0.0007 1565.09

0 1.6044 0.0007 -340159
1 1.6044 0.0007 1599.24

0 1.6051 0.0007 -340160
1 1.6051 0.0007 1553.95

0 1.6058 0.0007 -340161
1 1.6058 0.0007 1535.9

0 1.6065 0.0007 -340162
1 1.6065 0.0007 1600.69

0 1.6072 0.0007 -340162
1 1.6072 0.0007 1514.47

0 1.6079 0.0007 -340162
1 1.6079 0.0007 1474.88

0 1.6086 0.0007 -340162
1 1.6086 0.0007 1675.99

0 1.6093 0.0007 -340164
1 1.6093 0.0007 1567.16

0 1.61 0.0007 -340163
1 1.61 0.0007 1533.96

0 1.6107 0.0007 -340163
1 1.6107 0.0007 1576.44

0 1.6114 0.0007 -340163
1 1.6114 0.0007 1546.22

0 1.6121 0.0007 -340162
1 1.6121 0.0007 1526.72

0 1.6128 0.0007 -340161
1 1.6128 0.0007 1581.83

0 1.6135 0.0007 -340160
1 1.6135 0.0007 1557.58

0 1.6142 0.0007 -340158
1 1.6142 0.0007 1551.76

0 1.6149 0.0007 -340156
1 1.6149 0.0007 1528.28

0 1.6156 0.0007 -340154
1 1.6156 0.0007 1574.38

0 1.6163 0.0007 -340153
1 1.6163 0.0007 1550.64

0 1.617 0.0007 -340151
1 1.617 0.0007 1544.01

0 1.6177 0.0007 -340146
1 1.6177 0.0007 1589.25

0 1.6184 0.0007 -340144
1 1.6184 0.0007 1674.62

0 1.6191 0.0007 -340144
1 1.6191 0.0007 1547.12

0 1.6198 0.0007 -340141
1 1.6198 0.0007 1452.37

0 1.6205 0.0007 -340135
1 1.6205 0.0007 1468.55

0 1.6212 0.0007 -340126
1 1.6212 0.0007 1570.18

0 1.6219 0.0007 -340122
1 1.6219 0.0007 1659.93

0 1.6226 0.0007 -340117
1 1.6226 0.0007 1573.04

0 1.6233 0.0007 -340111
1 1.6233 0.0007 1517.12

0 1.624 0.0007 -340103
1 1.624 0.0007 1573.22

0 1.6247 0.0007 -340097
1 1.6247 0.0007 1583.92

0 1.6254 0.0007 -340090
1 1.6254 0.0007 1534.71

0 1.6261 0.0007 -340084
1 1.6261 0.0007 1539.84

0 1.6268 0.0007 -340076
1 1.6268 0.0007 1571.77

0 1.6275 0.0007 -340069
1 1.6275 0.0007 1558.46

0 1.6282 0.0007 -340062
1 1.6282 0.0007 1556.8

0 1.6289 0.0007 -340053
1 1.6289 0.0007 1540.96

0 1.6296 0.0007 -340046
1 1.6296 0.0007 1577.15

0 1.6303 0.0007 -340039
1 1.6303 0.0007 1555.08

0 1.631 0.0007 -340029
1 1.631 0.0007 1490.8

0 1.6317 0.0007 -340023
1 1.6317 0.0007 1469.82

0 1.6324 0.0007 -340015
1 1.6324 0.0007 1664.42

0 1.6331 0.0007 -340007
1 1.6331 0.0007 1544.94

0 1.6338 0.0007 -340001
1 1.6338 0.0007 1551.82

0 1.6345 0.0007 -339993
1 1.6345 0.0007 1569

0 1.6352 0.0007 -339987
1 1.6352 0.0007 1546.27

0 1.6359 0.0007 -339981
1 1.6359 0.0007 1560.44

0 1.6366 0.0007 -339975
1 1.6366 0.0007 1547.18

0 1.6373 0.0007 -339970
1 1.6373 0.0007 1575.77

0 1.638 0.0007 -339965
1 1.638 0.0007 1538.59

0 1.6387 0.0007 -339961
1 1.6387 0.0007 1531.56

0 1.6394 0.0007 -339957
1 1.6394 0.0007 1566.32

0 1.6401 0.0007 -339953
1 1.6401 0.0007 1576.2

0 1.6408 0.0007 -339950
1 1.6408 0.0007 1484.78

0 1.6415 0.0007 -339947
1 1.6415 0.0007 1516.9

0 1.6422 0.0007 -339944
1 1.6422 0.0007 1613.9

0 1.6429 0.0007 -339940
1 1.6429 0.0007 1708.08

0 1.6436 0.0007 -339938
1 1.6436 0.0007 1585.46

0 1.6443 0.0007 -339937
1 1.6443 0.0007 1473.04

0 1.645 0.0007 -339937
1 1.645 0.0007 1482.69

0 1.6457 0.0007 -339936
1 1.6457 0.0007 1552.84

0 1.6464 0.0007 -339936
1 1.6464 0.0007 1602.96

0 1.6471 0.0007 -339936
1 1.6471 0.0007 1544.53

0 1.6478 0.0007 -339936
1 1.6478 0.0007 1539.68

0 1.6485 0.0007 -339936
1 1.6485 0.0007 1550.81

0 1.6492 0.0007 -339936
1 1.6492 0.0007 1554.94

0 1.6499 0.0007 -339937
1 1.6499 0.0007 1556.13

0 1.6506 0.0007 -339937
1 1.6506 0.0007 1572.48

0 1.6513 0.0007 -339938
1 1.6513 0.0007 1598.78

0 1.652 0.0007 -339939
1 1.652 0.0007 1569.93

0 1.6527 0.0007 -339941
1 1.6527 0.0007 1536.85

0 1.6534 0.0007 -339942
1 1.6534 0.0007 1577.14

0 1.6541 0.0007 -339943
1 1.6541 0.0007 1522.5

0 1.6548 0.0007 -339943
1 1.6548 0.0007 1465.42

0 1.6555 0.0007 -339943
1 1.6555 0.0007 1684.58

0 1.6562 0.0007 -339945
1 1.6562 0.0007 1581.33

0 1.6569 0.0007 -339946
1 1.6569 0.0007 1512.62

0 1.6576 0.0007 -339946
1 1.6576 0.0007 1571.79

0 1.6583 0.0007 -339946
1 1.6583 0.0007 1550.8

0 1.659 0.0007 -339946
1 1.659 0.0007 1530.15

0 1.6597 0.0007 -339945
1 1.6597 0.0007 1580.68

0 1.6604 0.0007 -339945
1 1.6604 0.0007 1551.01

0 1.6611 0.0007 -339943
1 1.6611 0.0007 1539.44

0 1.6618 0.0007 -339942
1 1.6618 0.0007 1530.86

0 1.6625 0.0007 -339940
1 1.6625 0.0007 1561.27

0 1.6632 0.0007 -339939
1 1.6632 0.0007 1563.73

0 1.6639 0.0007 -339937
1 1.6639 0.0007 1558.4

0 1.6646 0.0007 -339933
1 1.6646 0.0007 1571.95

0 1.6653 0.0007 -339931
1 1.6653 0.0007 1670.31

0 1.666 0.0007 -339931
1 1.666 0.0007 1578.62

0 1.6667 0.0007 -339929
1 1.6667 0.0007 1445.95

0 1.6674 0.0007 -339924
1 1.6674 0.0007 1459.26

0 1.6681 0.0007 -339916
1 1.6681 0.0007 1549.41

0 1.6688 0.0007 -339910
1 1.6688 0.0007 1654.64

0 1.6695 0.0007 -339906
1 1.6695 0.0007 1589.67

0 1.6702 0.0007 -339901
1 1.6702 0.0007 1515.89

0 1.6709 0.0007 -339894
1 1.6709 0.0007 1572.31

0 1.6716 0.0007 -339888
1 1.6716 0.0007 1578.41

0 1.6723 0.0007 -339881
1 1.6723 0.0007 1534.46

0 1.673 0.0007 -339876
1 1.673 0.0007 1540.85

0 1.6737 0.0007 -339869
1 1.6737 0.0007 1566.14

0 1.6744 0.0007 -339861
1 1.6744 0.0007 1567.77

0 1.6751 0.0007 -339855
1 1.6751 0.0007 1564.47

0 1.6758 0.0007 -339846
1 1.6758 0.0007 1546.97

0 1.6765 0.0007 -339840
1 1.6765 0.0007 1561.08

0 1.6772 0.0007 -339833
1 1.6772 0.0007 1571.75

0 1.6779 0.0007 -339824
1 1.6779 0.0007 1476.72

0 1.6786 0.0007 -339817
1 1.6786 0.0007 1485.42

0 1.6793 0.0007 -339811
1 1.6793 0.0007 1688.72

0 1.68 0.0007 -339802
1 1.68 0.0007 1557.51

0 1.6807 0.0007 -339797
1 1.6807 0.0007 1535.63

0 1.6814 0.0007 -339789
1 1.6814 0.0007 1555.6

0 1.6821 0.0007 -339783
1 1.6821 0.0007 1527.38

0 1.6828 0.0007 -339778
1 1.6828 0.0007 1567.21

0 1.6835 0.0007 -339772
1 1.6835 0.0007 1547.82

0 1.6842 0.0007 -339767
1 1.6842 0.0007 1581.55

0 1.6849 0.0007 -339763
1 1.6849 0.0007 1547.86

0 1.6856 0.0007 -339759
1 1.6856 0.0007 1527.98

0 1.6863 0.0007 -339755
1 1.6863 0.0007 1553.76

0 1.687 0.0007 -339751
1 1.687 0.0007 1588.71

0 1.6877 0.0007 -339749
1 1.6877 0.0007 1493.36

0 1.6884 0.0007 -339747
1 1.6884 0.0007 1503.9

0 1.6891 0.0007 -339743
1 1.6891 0.0007 1604.39

0 1.6898 0.0007 -339740
1 1.6898 0.0007 1719.24

0 1.6905 0.0007 -339738
1 1.6905 0.0007 1606.19

0 1.6912 0.0007 -339737
1 1.6912 0.0007 1456.28

0 1.6919 0.0007 -339737
1 1.6919 0.0007 1477.41

0 1.6926 0.0007 -339737
1 1.6926 0.0007 1549.32

0 1.6933 0.0007 -339737
1 1.6933 0.0007 1596.43

0 1.694 0.0007 -339738
1 1.694 0.0007 1574.08

0 1.6947 0.0007 -339738
1 1.6947 0.0007 1531.53

0 1.6954 0.0007 -339738
1 1.6954 0.0007 1565.84

0 1.6961 0.0007 -339739
1 1.6961 0.0007 1558.72

0 1.6968 0.0007 -339741
1 1.6968 0.0007 1566.42

0 1.6975 0.0007 -339741
1 1.6975 0.0007 1557.19

0 1.6982 0.0007 -339742
1 1.6982 0.0007 1597.56

0 1.6989 0.0007 -339744
1 1.6989 0.0007 1587.85

0 1.6996 0.0007 -339746
1 1.6996 0.0007 1546.32

0 1.7003 0.0007 -339748
1 1.7003 0.0007 1574.06

0 1.701 0.0007 -339749
1 1.701 0.0007 1536.23

0 1.7017 0.0007 -339749
1 1.7017 0.0007 1473.26

0 1.7024 0.0007 -339750
1 1.7024 0.0007 1693.25

0 1.7031 0.0007 -339753
1 1.7031 0.0007 1571.87

0 1.7038 0.0007 -339754
1 1.7038 0.0007 1513.32

0 1.7045 0.0007 -339754
1 1.7045 0.0007 1572.87

0 1.7052 0.0007 -339755
1 1.7052 0.0007 1549.94

0 1.7059 0.0007 -339755
1 1.7059 0.0007 1530.87

0 1.7066 0.0007 -339755
1 1.7066 0.0007 1584.78

0 1.7073 0.0007 -339755
1 1.7073 0.0007 1556.3

0 1.708 0.0007 -339754
1 1.708 0.0007 1541.15

0 1.7087 0.0007 -339753
1 1.7087 0.0007 1543.59

0 1.7094 0.0007 -339752
1 1.7094 0.0007 1550.06

0 1.7101 0.0007 -339751
1 1.7101 0.0007 1571.5

0 1.7108 0.0007 -339750
1 1.7108 0.0007 1566.75

0 1.7115 0.0007 -339746
1 1.7115 0.0007 1557.34

0 1.7122 0.0007 -339745
1 1.7122 0.0007 1645.46

0 1.7129 0.0007 -339745
1 1.7129 0.0007 1614.55

0 1.7136 0.0007 -339744
1 1.7136 0.0007 1456.73

0 1.7143 0.0007 -339740
1 1.7143 0.0007 1459.43

0 1.715 0.0007 -339732
1 1.715 0.0007 1505.69

0 1.7157 0.0007 -339727
1 1.7157 0.0007 1665.69

0 1.7164 0.0007 -339723
1 1.7164 0.0007 1610.17

0 1.7171 0.0007 -339719
1 1.7171 0.0007 1512.22

0 1.7178 0.0007 -339712
1 1.7178 0.0007 1548.57

0 1.7185 0.0007 -339706
1 1.7185 0.0007 1585

0 1.7192 0.0007 -339700
1 1.7192 0.0007 1544.79

0 1.7199 0.0007 -339695
1 1.7199 0.0007 1544.2

0 1.7206 0.0007 -339689
1 1.7206 0.0007 1568.35

0 1.7213 0.0007 -339682
1 1.7213 0.0007 1561.22

0 1.722 0.0007 -339676
1 1.722 0.0007 1579.04

0 1.7227 0.0007 -339668
1 1.7227 0.0007 1547.89

0 1.7234 0.0007 -339662
1 1.7234 0.0007 1562.47

0 1.7241 0.0007 -339656
1 1.7241 0.0007 1579.42

0 1.7248 0.0007 -339646
1 1.7248 0.0007 1483.81

0 1.7255 0.0007 -339640
1 1.7255 0.0007 1472.96

0 1.7262 0.0007 -339634
1 1.7262 0.0007 1700.6

0 1.7269 0.0007 -339626
1 1.7269 0.0007 1555.39

0 1.7276 0.0007 -339621
1 1.7276 0.0007 1522.34

0 1.7283 0.0007 -339614
1 1.7283 0.0007 1567.07

0 1.729 0.0007 -339608
1 1.729 0.0007 1543.11

0 1.7297 0.0007 -339604
1 1.7297 0.0007 1554.24

0 1.7304 0.0007 -339598
1 1.7304 0.0007 1552.87

0 1.7311 0.0007 -339594
1 1.7311 0.0007 1565.26

0 1.7318 0.0007 -339590
1 1.7318 0.0007 1566.77

0 1.7325 0.0007 -339586
1 1.7325 0.0007 1529.01

0 1.7332 0.0007 -339583
1 1.7332 0.0007 1552.54

0 1.7339 0.0007 -339579
1 1.7339 0.0007 1586.54

0 1.7346 0.0007 -339578
1 1.7346 0.0007 1503.29

0 1.7353 0.0007 -339576
1 1.7353 0.0007 1487.46

0 1.736 0.0007 -339573
1 1.736 0.0007 1604.11

0 1.7367 0.0007 -339570
1 1.7367 0.0007 1710.01

0 1.7374 0.0007 -339569
1 1.7374 0.0007 1643.51

0 1.7381 0.0007 -339569
1 1.7381 0.0007 1477.58

0 1.7388 0.0007 -339569
1 1.7388 0.0007 1462.61

0 1.7395 0.0007 -339569
1 1.7395 0.0007 1542.53

0 1.7402 0.0007 -339570
1 1.7402 0.0007 1588.2

0 1.7409 0.0007 -339571
1 1.7409 0.0007 1554.87

0 1.7416 0.0007 -339571
1 1.7416 0.0007 1533.53

0 1.7423 0.0007 -339572
1 1.7423 0.0007 1569.49

0 1.743 0.0007 -339574
1 1.743 0.0007 1552.6

0 1.7437 0.0007 -339575
1 1.7437 0.0007 1561.3

0 1.7444 0.0007 -339577
1 1.7444 0.0007 1552.37

0 1.7451 0.0007 -339578
1 1.7451 0.0007 1586.09

0 1.7458 0.0007 -339580
1 1.7458 0.0007 1593.08

0 1.7465 0.0007 -339583
1 1.7465 0.0007 1530.08

0 1.7472 0.0007 -339585
1 1.7472 0.0007 1562.71

0 1.7479 0.0007 -339587
1 1.7479 0.0007 1562.4

0 1.7486 0.0007 -339588
1 1.7486 0.0007 1492.73

0 1.7493 0.0007 -339589
1 1.7493 0.0007 1699.81

0 1.75 0.0007 -339593
1 1.75 0.0007 1574.12

0 1.7507 0.0007 -339595
1 1.7507 0.0007 1520.02

0 1.7514 0.0007 -339596
1 1.7514 0.0007 1559.92

0 1.7521 0.0007 -339596
1 1.7521 0.0007 1543.69

0 1.7528 0.0007 -339597
1 1.7528 0.0007 1531

0 1.7535 0.0007 -339598
1 1.7535 0.0007 1573.14

0 1.7542 0.0007 -339599
1 1.7542 0.0007 1568.09

0 1.7549 0.0007 -339598
1 1.7549 0.0007 1555.25

0 1.7556 0.0007 -339598
1 1.7556 0.0007 1536.23

0 1.7563 0.0007 -339597
1 1.7563 0.0007 1543.98

0 1.757 0.0007 -339597
1 1.757 0.0007 1575.63

0 1.7577 0.0007 -339597
1 1.7577 0.0007 1559.98

0 1.7584 0.0007 -339594
1 1.7584 0.0007 1559.56

0 1.7591 0.0007 -339593
1 1.7591 0.0007 1637.08

0 1.7598 0.0007 -339593
1 1.7598 0.0007 1631.28

0 1.7605 0.0007 -339593
1 1.7605 0.0007 1455.39

0 1.7612 0.0007 -339590
1 1.7612 0.0007 1465.18

0 1.7619 0.0007 -339584
1 1.7619 0.0007 1475.8

0 1.7626 0.0007 -339577
1 1.7626 0.0007 1647.82

0 1.7633 0.0007 -339575
1 1.7633 0.0007 1625.77

0 1.764 0.0007 -339571
1 1.764 0.0007 1520.58

0 1.7647 0.0007 -339565
1 1.7647 0.0007 1548.2

0 1.7654 0.0007 -339559
1 1.7654 0.0007 1581.21

0 1.7661 0.0007 -339554
1 1.7661 0.0007 1559.2

0 1.7668 0.0007 -339549
1 1.7668 0.0007 1528.38

0 1.7675 0.0007 -339544
1 1.7675 0.0007 1574.48

0 1.7682 0.0007 -339538
1 1.7682 0.0007 1558.74

0 1.7689 0.0007 -339533
1 1.7689 0.0007 1562.12

0 1.7696 0.0007 -339526
1 1.7696 0.0007 1555.81

0 1.7703 0.0007 -339519
1 1.7703 0.0007 1561.01

0 1.771 0.0007 -339514
1 1.771 0.0007 1588.61

0 1.7717 0.0007 -339505
1 1.7717 0.0007 1493.87

0 1.7724 0.0007 -339499
1 1.7724 0.0007 1471.41

0 1.7731 0.0007 -339494
1 1.7731 0.0007 1694.95

0 1.7738 0.0007 -339486
1 1.7738 0.0007 1570.59

0 1.7745 0.0007 -339481
1 1.7745 0.0007 1510.28

0 1.7752 0.0007 -339476
1 1.7752 0.0007 1569.98

0 1.7759 0.0007 -339470
1 1.7759 0.0007 1557.91

0 1.7766 0.0007 -339466
1 1.7766 0.0007 1552.3

0 1.7773 0.0007 -339461
1 1.7773 0.0007 1560.64

0 1.778 0.0007 -339457
1 1.778 0.0007 1549.99

0 1.7787 0.0007 -339454
1 1.7787 0.0007 1562.35

0 1.7794 0.0007 -339451
1 1.7794 0.0007 1544.52

0 1.7801 0.0007 -339448
1 1.7801 0.0007 1534.75

0 1.7808 0.0007 -339445
1 1.7808 0.0007 1589.44

0 1.7815 0.0007 -339443
1 1.7815 0.0007 1513.78

0 1.7822 0.0007 -339442
1 1.7822 0.0007 1496.81

0 1.7829 0.0007 -339440
1 1.7829 0.0007 1576.45

0 1.7836 0.0007 -339438
1 1.7836 0.0007 1714.59

0 1.7843 0.0007 -339436
1 1.7843 0.0007 1657.83

0 1.785 0.0007 -339437
1 1.785 0.0007 1494.32

0 1.7857 0.0007 -339438
1 1.7857 0.0007 1442.42

0 1.7864 0.0007 -339438
1 1.7864 0.0007 1532.14

0 1.7871 0.0007 -339439
1 1.7871 0.0007 1582.11

0 1.7878 0.0007 -339440
1 1.7878 0.0007 1568.35

0 1.7885 0.0007 -339442
1 1.7885 0.0007 1534.57

0 1.7892 0.0007 -339443
1 1.7892 0.0007 1575.27

0 1.7899 0.0007 -339445
1 1.7899 0.0007 1554.4

0 1.7906 0.0007 -339448
1 1.7906 0.0007 1561.6

0 1.7913 0.0007 -339450
1 1.7913 0.0007 1546.47

0 1.792 0.0007 -339452
1 1.792 0.0007 1577.65

0 1.7927 0.0007 -339454
1 1.7927 0.0007 1586.36

0 1.7934 0.0007 -339457
1 1.7934 0.0007 1536.31

0 1.7941 0.0007 -339460
1 1.7941 0.0007 1560.29

0 1.7948 0.0007 -339462
1 1.7948 0.0007 1555.75

0 1.7955 0.0007 -339464
1 1.7955 0.0007 1496.83

0 1.7962 0.0007 -339466
1 1.7962 0.0007 1468.36

0 1.7969 0.0007 -339468
1 1.7969 0.0007 1638.21

0 1.7976 0.0007 -339471
1 1.7976 0.0007 1548.37

0 1.7983 0.0007 -339473
1 1.7983 0.0007 1565.44

0 1.799 0.0007 -339474
1 1.799 0.0007 1567.83

0 1.7997 0.0007 -339476
1 1.7997 0.0007 1498.28

0 1.8004 0.0007 -339477
1 1.8004 0.0007 1567.52

0 1.8011 0.0007 -339478
1 1.8011 0.0007 1561.74

0 1.8018 0.0007 -339479
1 1.8018 0.0007 1556.42

0 1.8025 0.0007 -339478
1 1.8025 0.0007 1539.3

0 1.8032 0.0007 -339478
1 1.8032 0.0007 1550.96

0 1.8039 0.0007 -339478
1 1.8039 0.0007 1575.69

0 1.8046 0.0007 -339479
1 1.8046 0.0007 1553.27

0 1.8053 0.0007 -339477
1 1.8053 0.0007 1552.27

0 1.806 0.0007 -339475
1 1.806 0.0007 1619.76

0 1.8067 0.0007 -339476
1 1.8067 0.0007 1649.25

0 1.8074 0.0007 -339477
1 1.8074 0.0007 1476.84

0 1.8081 0.0007 -339475
1 1.8081 0.0007 1460.51

0 1.8088 0.0007 -339469
1 1.8088 0.0007 1467.51

0 1.8095 0.0007 -339463
1 1.8095 0.0007 1637.31

0 1.8102 0.0007 -339461
1 1.8102 0.0007 1649.17

0 1.8109 0.0007 -339458
1 1.8109 0.0007 1525.25

0 1.8116 0.0007 -339452
1 1.8116 0.0007 1513.12

0 1.8123 0.0007 -339447
1 1.8123 0.0007 1581.69

0 1.813 0.0007 -339443
1 1.813 0.0007 1575.9

0 1.8137 0.0007 -339438
1 1.8137 0.0007 1524.32

0 1.8144 0.0007 -339433
1 1.8144 0.0007 1557.75

0 1.8151 0.0007 -339427
1 1.8151 0.0007 1568.55

0 1.8158 0.0007 -339423
1 1.8158 0.0007 1565.56

0 1.8165 0.0007 -339417
1 1.8165 0.0007 1560.95

0 1.8172 0.0007 -339411
1 1.8172 0.0007 1544.68

0 1.8179 0.0007 -339406
1 1.8179 0.0007 1607.15

0 1.8186 0.0007 -339398
1 1.8186 0.0007 1503.62

0 1.8193 0.0007 -339392
1 1.8193 0.0007 1472.84

0 1.82 0.0007 -339388
1 1.82 0.0007 1712.32

0 1.8207 0.0007 -339380
1 1.8207 0.0007 1569.98

0 1.8214 0.0007 -339375
1 1.8214 0.0007 1503.38

0 1.8221 0.0007 -339371
1 1.8221 0.0007 1563.78

0 1.8228 0.0007 -339365
1 1.8228 0.0007 1563.02

0 1.8235 0.0007 -339361
1 1.8235 0.0007 1538.88

0 1.8242 0.0007 -339357
1 1.8242 0.0007 1551.28

0 1.8249 0.0007 -339353
1 1.8249 0.0007 1545.97

0 1.8256 0.0007 -339351
1 1.8256 0.0007 1563.5

0 1.8263 0.0007 -339347
1 1.8263 0.0007 1538.4

0 1.827 0.0007 -339345
1 1.827 0.0007 1537.34

0 1.8277 0.0007 -339343
1 1.8277 0.0007 1581.91

0 1.8284 0.0007 -339341
1 1.8284 0.0007 1536.84

0 1.8291 0.0007 -339341
1 1.8291 0.0007 1480.37

0 1.8298 0.0007 -339339
1 1.8298 0.0007 1554.84

0 1.8305 0.0007 -339337
1 1.8305 0.0007 1677.7

0 1.8312 0.0007 -339336
1 1.8312 0.0007 1680.85

0 1.8319 0.0007 -339337
1 1.8319 0.0007 1517.88

0 1.8326 0.0007 -339338
1 1.8326 0.0007 1456.65

0 1.8333 0.0007 -339339
1 1.8333 0.0007 1514.01

0 1.834 0.0007 -339341
1 1.834 0.0007 1575.07

0 1.8347 0.0007 -339342
1 1.8347 0.0007 1572.06

0 1.8354 0.0007 -339344
1 1.8354 0.0007 1540.24

0 1.8361 0.0007 -339346
1 1.8361 0.0007 1565.86

0 1.8368 0.0007 -339348
1 1.8368 0.0007 1550.71

0 1.8375 0.0007 -339351
1 1.8375 0.0007 1571.19

0 1.8382 0.0007 -339354
1 1.8382 0.0007 1549.93

0 1.8389 0.0007 -339356
1 1.8389 0.0007 1573.08

0 1.8396 0.0007 -339359
1 1.8396 0.0007 1600.59

0 1.8403 0.0007 -339362
1 1.8403 0.0007 1534.97

0 1.841 0.0007 -339365
1 1.841 0.0007 1543.34

0 1.8417 0.0007 -339368
1 1.8417 0.0007 1574.38

0 1.8424 0.0007 -339371
1 1.8424 0.0007 1499.06

0 1.8431 0.0007 -339373
1 1.8431 0.0007 1464.8

0 1.8438 0.0007 -339375
1 1.8438 0.0007 1662.83

0 1.8445 0.0007 -339379
1 1.8445 0.0007 1566.94

0 1.8452 0.0007 -339381
1 1.8452 0.0007 1553.75

0 1.8459 0.0007 -339383
1 1.8459 0.0007 1562.25

0 1.8466 0.0007 -339385
1 1.8466 0.0007 1515.58

0 1.8473 0.0007 -339387
1 1.8473 0.0007 1560.18

0 1.848 0.0007 -339388
1 1.848 0.0007 1563.89

0 1.8487 0.0007 -339389
1 1.8487 0.0007 1559.47

0 1.8494 0.0007 -339389
1 1.8494 0.0007 1545.68

0 1.8501 0.0007 -339390
1 1.8501 0.0007 1529.54

0 1.8508 0.0007 -339390
1 1.8508 0.0007 1569.53

0 1.8515 0.0007 -339391
1 1.8515 0.0007 1538.5

0 1.8522 0.0007 -339390
1 1.8522 0.0007 1553.19

0 1.8529 0.0007 -339388
1 1.8529 0.0007 1600.39

0 1.8536 0.0007 -339389
1 1.8536 0.0007 1657.87

0 1.8543 0.0007 -339391
1 1.8543 0.0007 1515.66

0 1.855 0.0007 -339390
1 1.855 0.0007 1450.73

0 1.8557 0.0007 -339385
1 1.8557 0.0007 1457.47

0 1.8564 0.0007 -339379
1 1.8564 0.0007 1618.04

0 1.8571 0.0007 -339377
1 1.8571 0.0007 1651.06

0 1.8578 0.0007 -339374
1 1.8578 0.0007 1539.59

0 1.8585 0.0007 -339369
1 1.8585 0.0007 1519.02

0 1.8592 0.0007 -339364
1 1.8592 0.0007 1589.67

0 1.8599 0.0007 -339361
1 1.8599 0.0007 1583.36

0 1.8606 0.0007 -339356
1 1.8606 0.0007 1528

0 1.8613 0.0007 -339352
1 1.8613 0.0007 1545.33

0 1.862 0.0007 -339346
1 1.862 0.0007 1556.56

0 1.8627 0.0007 -339342
1 1.8627 0.0007 1565.09

0 1.8634 0.0007 -339337
1 1.8634 0.0007 1576.59

0 1.8641 0.0007 -339330
1 1.8641 0.0007 1550.88

0 1.8648 0.0007 -339326
1 1.8648 0.0007 1592.06

0 1.8655 0.0007 -339320
1 1.8655 0.0007 1520.7

0 1.8662 0.0007 -339313
1 1.8662 0.0007 1457.41

0 1.8669 0.0007 -339309
1 1.8669 0.0007 1718.31

0 1.8676 0.0007 -339301
1 1.8676 0.0007 1586.11

0 1.8683 0.0007 -339297
1 1.8683 0.0007 1500.95

0 1.869 0.0007 -339293
1 1.869 0.0007 1548.09

0 1.8697 0.0007 -339287
1 1.8697 0.0007 1570.67

0 1.8704 0.0007 -339283
1 1.8704 0.0007 1552.06

0 1.8711 0.0007 -339280
1 1.8711 0.0007 1555.53

0 1.8718 0.0007 -339276
1 1.8718 0.0007 1556.36

0 1.8725 0.0007 -339273
1 1.8725 0.0007 1555.18

0 1.8732 0.0007 -339271
1 1.8732 0.0007 1544.65

0 1.8739 0.0007 -339269
1 1.8739 0.0007 1528.3

0 1.8746 0.0007 -339266
1 1.8746 0.0007 1577.44

0 1.8753 0.0007 -339265
1 1.8753 0.0007 1546.68

0 1.876 0.0007 -339265
1 1.876 0.0007 1485.31

0 1.8767 0.0007 -339264
1 1.8767 0.0007 1541.26

0 1.8774 0.0007 -339262
1 1.8774 0.0007 1648.81

0 1.8781 0.0007 -339261
1 1.8781 0.0007 1691.63

0 1.8788 0.0007 -339262
1 1.8788 0.0007 1548.62

0 1.8795 0.0007 -339263
1 1.8795 0.0007 1445.12

0 1.8802 0.0007 -339264
1 1.8802 0.0007 1502.82

0 1.8809 0.0007 -339266
1 1.8809 0.0007 1564.92

0 1.8816 0.0007 -339268
1 1.8816 0.0007 1586.19

0 1.8823 0.0007 -339270
1 1.8823 0.0007 1537.72

0 1.883 0.0007 -339272
1 1.883 0.0007 1554.48

0 1.8837 0.0007 -339275
1 1.8837 0.0007 1565.31

0 1.8844 0.0007 -339278
1 1.8844 0.0007 1566.93

0 1.8851 0.0007 -339281
1 1.8851 0.0007 1556.47

0 1.8858 0.0007 -339283
1 1.8858 0.0007 1566.09

0 1.8865 0.0007 -339286
1 1.8865 0.0007 1597.88

0 1.8872 0.0007 -339290
1 1.8872 0.0007 1539.89

0 1.8879 0.0007 -339293
1 1.8879 0.0007 1530.39

0 1.8886 0.0007 -339296
1 1.8886 0.0007 1592.26

0 1.8893 0.0007 -339299
1 1.8893 0.0007 1499.04

0 1.89 0.0007 -339301
1 1.89 0.0007 1471.88

0 1.8907 0.0007 -339304
1 1.8907 0.0007 1686.63

0 1.8914 0.0007 -339308
1 1.8914 0.0007 1558.27

0 1.8921 0.0007 -339310
1 1.8921 0.0007 1546.33

0 1.8928 0.0007 -339312
1 1.8928 0.0007 1566.37

0 1.8935 0.0007 -339314
1 1.8935 0.0007 1524.41

0 1.8942 0.0007 -339316
1 1.8942 0.0007 1545.5

0 1.8949 0.0007 -339318
1 1.8949 0.0007 1574.33

0 1.8956 0.0007 -339319
1 1.8956 0.0007 1564.88

0 1.8963 0.0007 -339319
1 1.8963 0.0007 1550.77

0 1.897 0.0007 -339320
1 1.897 0.0007 1526.98

0 1.8977 0.0007 -339320
1 1.8977 0.0007 1590.69

0 1.8984 0.0007 -339322
1 1.8984 0.0007 1542.64

0 1.8991 0.0007 -339321
1 1.8991 0.0007 1540.38

0 1.8998 0.0007 -339320
1 1.8998 0.0007 1587.72

0 1.9005 0.0007 -339320
1 1.9005 0.0007 1664.11

0 1.9012 0.0007 -339322
1 1.9012 0.0007 1522.23

0 1.9019 0.0007 -339322
1 1.9019 0.0007 1441.64

0 1.9026 0.0007 -339318
1 1.9026 0.0007 1466.19

0 1.9033 0.0007 -339311
1 1.9033 0.0007 1601.83

0 1.904 0.0007 -339309
1 1.904 0.0007 1665.82

0 1.9047 0.0007 -339307
1 1.9047 0.0007 1554.05

0 1.9054 0.0007 -339302
1 1.9054 0.0007 1503.37

0 1.9061 0.0007 -339297
1 1.9061 0.0007 1571.66

0 1.9068 0.0007 -339294
1 1.9068 0.0007 1569.38

0 1.9075 0.0007 -339289
1 1.9075 0.0007 1544.18

0 1.9082 0.0007 -339285
1 1.9082 0.0007 1532.28

0 1.9089 0.0007 -339280
1 1.9089 0.0007 1562.56

0 1.9096 0.0007 -339275
1 1.9096 0.0007 1575.42

0 1.9103 0.0007 -339271
1 1.9103 0.0007 1576.5

0 1.911 0.0007 -339264
1 1.911 0.0007 1526.95

0 1.9117 0.0007 -339260
1 1.9117 0.0007 1578.12

0 1.9124 0.0007 -339254
1 1.9124 0.0007 1533.8

0 1.9131 0.0007 -339247
1 1.9131 0.0007 1476.33

0 1.9138 0.0007 -339243
1 1.9138 0.0007 1727.35

0 1.9145 0.0007 -339235
1 1.9145 0.0007 1589.45

0 1.9152 0.0007 -339230
1 1.9152 0.0007 1487.73

0 1.9159 0.0007 -339227
1 1.9159 0.0007 1545.29

0 1.9166 0.0007 -339221
1 1.9166 0.0007 1561.46

0 1.9173 0.0007 -339217
1 1.9173 0.0007 1562.69

0 1.918 0.0007 -339214
1 1.918 0.0007 1558.67

0 1.9187 0.0007 -339210
1 1.9187 0.0007 1545.79

0 1.9194 0.0007 -339207
1 1.9194 0.0007 1576.67

0 1.9201 0.0007 -339204
1 1.9201 0.0007 1535.37

0 1.9208 0.0007 -339203
1 1.9208 0.0007 1529

0 1.9215 0.0007 -339200
1 1.9215 0.0007 1567.63

0 1.9222 0.0007 -339199
1 1.9222 0.0007 1567.86

0 1.9229 0.0007 -339199
1 1.9229 0.0007 1489.07

0 1.9236 0.0007 -339198
1 1.9236 0.0007 1535.68

0 1.9243 0.0007 -339196
1 1.9243 0.0007 1621.42

0 1.925 0.0007 -339195
1 1.925 0.0007 1689.04

0 1.9257 0.0007 -339195
1 1.9257 0.0007 1561.27

0 1.9264 0.0007 -339197
1 1.9264 0.0007 1462.21

0 1.9271 0.0007 -339198
1 1.9271 0.0007 1480.85

0 1.9278 0.0007 -339200
1 1.9278 0.0007 1564.22

0 1.9285 0.0007 -339202
1 1.9285 0.0007 1594.44

0 1.9292 0.0007 -339204
1 1.9292 0.0007 1551.12

0 1.9299 0.0007 -339206
1 1.9299 0.0007 1550.26

0 1.9306 0.0007 -339209
1 1.9306 0.0007 1553.86

0 1.9313 0.0007 -339211
1 1.9313 0.0007 1556.41

0 1.932 0.0007 -339214
1 1.932 0.0007 1565.07

0 1.9327 0.0007 -339217
1 1.9327 0.0007 1569.43

0 1.9334 0.0007 -339219
1 1.9334 0.0007 1603

0 1.9341 0.0007 -339223
1 1.9341 0.0007 1549.6

0 1.9348 0.0007 -339227
1 1.9348 0.0007 1531.62

0 1.9355 0.0007 -339230
1 1.9355 0.0007 1600.93

0 1.9362 0.0007 -339233
1 1.9362 0.0007 1519.07

0 1.9369 0.0007 -339235
1 1.9369 0.0007 1476.7

0 1.9376 0.0007 -339237
1 1.9376 0.0007 1667.26

0 1.9383 0.0007 -339242
1 1.9383 0.0007 1568.49

0 1.939 0.0007 -339244
1 1.939 0.0007 1517.17

0 1.9397 0.0007 -339246
1 1.9397 0.0007 1575.3

0 1.9404 0.0007 -339248
1 1.9404 0.0007 1545.72

0 1.9411 0.0007 -339250
1 1.9411 0.0007 1532.99

0 1.9418 0.0007 -339252
1 1.9418 0.0007 1585.39

0 1.9425 0.0007 -339253
1 1.9425 0.0007 1544.3

0 1.9432 0.0007 -339253
1 1.9432 0.0007 1551.39

0 1.9439 0.0007 -339254
1 1.9439 0.0007 1527.88

0 1.9446 0.0007 -339254
1 1.9446 0.0007 1566.63

0 1.9453 0.0007 -339255
1 1.9453 0.0007 1549.5

0 1.946 0.0007 -339255
1 1.946 0.0007 1548.5

0 1.9467 0.0007 -339253
1 1.9467 0.0007 1583.77

0 1.9474 0.0007 -339254
1 1.9474 0.0007 1672.61

0 1.9481 0.0007 -339256
1 1.9481 0.0007 1553.21

0 1.9488 0.0007 -339256
1 1.9488 0.0007 1456.59

0 1.9495 0.0007 -339252
1 1.9495 0.0007 1469.86

0 1.9502 0.0007 -339246
1 1.9502 0.0007 1553.08

0 1.9509 0.0007 -339243
1 1.9509 0.0007 1650.85

0 1.9516 0.0007 -339241
1 1.9516 0.0007 1575.08

0 1.9523 0.0007 -339237
1 1.9523 0.0007 1522.35

0 1.953 0.0007 -339231
1 1.953 0.0007 1569.24

0 1.9537 0.0007 -339228
1 1.9537 0.0007 1578.64

0 1.9544 0.0007 -339223
1 1.9544 0.0007 1535.61

0 1.9551 0.0007 -339219
1 1.9551 0.0007 1536.63

0 1.9558 0.0007 -339214
1 1.9558 0.0007 1563.8

0 1.9565 0.0007 -339209
1 1.9565 0.0007 1559.36

0 1.9572 0.0007 -339205
1 1.9572 0.0007 1562.16

0 1.9579 0.0007 -339198
1 1.9579 0.0007 1545.44

0 1.9586 0.0007 -339193
1 1.9586 0.0007 1567.68

0 1.9593 0.0007 -339188
1 1.9593 0.0007 1558.8

0 1.96 0.0007 -339181
1 1.96 0.0007 1481.02

0 1.9607 0.0007 -339176
1 1.9607 0.0007 1474.33

0 1.9614 0.0007 -339172
1 1.9614 0.0007 1670.37

0 1.9621 0.0007 -339165
1 1.9621 0.0007 1548

0 1.9628 0.0007 -339162
1 1.9628 0.0007 1544.82

0 1.9635 0.0007 -339156
1 1.9635 0.0007 1568.48

0 1.9642 0.0007 -339152
1 1.9642 0.0007 1542.4

0 1.9649 0.0007 -339149
1 1.9649 0.0007 1546.96

0 1.9656 0.0007 -339145
1 1.9656 0.0007 1551.43

0 1.9663 0.0007 -339142
1 1.9663 0.0007 1582.69

0 1.967 0.0007 -339139
1 1.967 0.0007 1542.93

0 1.9677 0.0007 -339137
1 1.9677 0.0007 1534.04

0 1.9684 0.0007 -339135
1 1.9684 0.0007 1559.86

0 1.9691 0.0007 -339133
1 1.9691 0.0007 1580.64

0 1.9698 0.0007 -339133
1 1.9698 0.0007 1484.64

0 1.9705 0.0007 -339132
1 1.9705 0.0007 1508.13

0 1.9712 0.0007 -339131
1 1.9712 0.0007 1608.73

0 1.9719 0.0007 -339129
1 1.9719 0.0007 1712.3

0 1.9726 0.0007 -339129
1 1.9726 0.0007 1595.08

0 1.9733 0.0007 -339130
1 1.9733 0.0007 1471.86

0 1.974 0.0007 -339132
1 1.974 0.0007 1476.9

0 1.9747 0.0007 -339134
1 1.9747 0.0007 1554.3

0 1.9754 0.0007 -339135
1 1.9754 0.0007 1603.21

0 1.9761 0.0007 -339138
1 1.9761 0.0007 1551.79

0 1.9768 0.0007 -339140
1 1.9768 0.0007 1519.46

0 1.9775 0.0007 -339142
1 1.9775 0.0007 1561.89

0 1.9782 0.0007 -339144
1 1.9782 0.0007 1554.68

0 1.9789 0.0007 -339147
1 1.9789 0.0007 1554.16

0 1.9796 0.0007 -339150
1 1.9796 0.0007 1566.32

0 1.9803 0.0007 -339152
1 1.9803 0.0007 1595.3

0 1.981 0.0007 -339156
1 1.981 0.0007 1574.06

0 1.9817 0.0007 -339159
1 1.9817 0.0007 1540.63

0 1.9824 0.0007 -339163
1 1.9824 0.0007 1575.16

0 1.9831 0.0007 -339166
1 1.9831 0.0007 1526.61

0 1.9838 0.0007 -339168
1 1.9838 0.0007 1459.15

0 1.9845 0.0007 -339170
1 1.9845 0.0007 1684.48

0 1.9852 0.0007 -339174
1 1.9852 0.0007 1586.22

0 1.9859 0.0007 -339177
1 1.9859 0.0007 1511.55

0 1.9866 0.0007 -339178
1 1.9866 0.0007 1573.17

0 1.9873 0.0007 -339180
1 1.9873 0.0007 1549.03

0 1.988 0.0007 -339183
1 1.988 0.0007 1536.28

0 1.9887 0.0007 -339184
1 1.9887 0.0007 1584.54

0 1.9894 0.0007 -339186
1 1.9894 0.0007 1547.75

0 1.9901 0.0007 -339186
1 1.9901 0.0007 1545.34

0 1.9908 0.0007 -339186
1 1.9908 0.0007 1525.02

0 1.9915 0.0007 -339187
1 1.9915 0.0007 1566.01

0 1.9922 0.0007 -339188
1 1.9922 0.0007 1568.84

0 1.9929 0.0007 -339188
1 1.9929 0.0007 1552.81

0 1.9936 0.0007 -339186
1 1.9936 0.0007 1575.33

0 1.9943 0.0007 -339186
1 1.9943 0.0007 1661.87

0 1.995 0.0007 -339188
1 1.995 0.0007 1587.71

0 1.9957 0.0007 -339188
1 1.9957 0.0007 1435.17

0 1.9964 0.0007 -339185
1 1.9964 0.0007 1457.72

0 1.9971 0.0007 -339178
1 1.9971 0.0007 1527.71

0 1.9978 0.0007 -339175
1 1.9978 0.0007 1664.38

0 1.9985 0.0007 -339173
1 1.9985 0.0007 1590.11

0 1.9992 0.0007 -339169
1 1.9992 0.0007 1520.12

0 1.9999 0.0007 -339164
1 1.9999 0.0007 1559.23

0 2.0006 0.0007 -339160
1 2.0006 0.0007 1584.26

0 2.0013 0.0007 -339155
1 2.0013 0.0007 1539.92

0 2.002 0.0007 -339151
1 2.002 0.0007 1540.44

0 2.0027 0.0007 -339146
1 2.0027 0.0007 1559.62

0 2.0034 0.0007 -339141
1 2.0034 0.0007 1559.48

0 2.0041 0.0007 -339137
1 2.0041 0.0007 1566.52

0 2.0048 0.0007 -339130
1 2.0048 0.0007 1538.84

0 2.0055 0.0007 -339125
1 2.0055 0.0007 1567.1

0 2.0062 0.0007 -339120
1 2.0062 0.0007 1569.9

0 2.0069 0.0007 -339113
1 2.0069 0.0007 1472.24

0 2.0076 0.0007 -339108
1 2.0076 0.0007 1471.14

0 2.0083 0.0007 -339103
1 2.0083 0.0007 1697.66

0 2.009 0.0007 -339097
1 2.009 0.0007 1560.85

0 2.0097 0.0007 -339093
1 2.0097 0.0007 1530.57

0 2.0104 0.0007 -339087
1 2.0104 0.0007 1549.5

0 2.0111 0.0007 -339083
1 2.0111 0.0007 1531.71

0 2.0118 0.0007 -339079
1 2.0118 0.0007 1564.91

0 2.0125 0.0007 -339075
1 2.0125 0.0007 1552.64

0 2.0132 0.0007 -339072
1 2.0132 0.0007 1571.13

0 2.0139 0.0007 -339070
1 2.0139 0.0007 1551.94

0 2.0146 0.0007 -339068
1 2.0146 0.0007 1525.75

0 2.0153 0.0007 -339065
1 2.0153 0.0007 1541.51

0 2.016 0.0007 -339063
1 2.016 0.0007 1584.55

0 2.0167 0.0007 -339063
1 2.0167 0.0007 1496.67

0 2.0174 0.0007 -339062
1 2.0174 0.0007 1509.51

0 2.0181 0.0007 -339061
1 2.0181 0.0007 1608.03

0 2.0188 0.0007 -339059
1 2.0188 0.0007 1722

0 2.0195 0.0007 -339059
1 2.0195 0.0007 1611.79

0 2.0202 0.0007 -339060
1 2.0202 0.0007 1454.48

0 2.0209 0.0007 -339062
1 2.0209 0.0007 1472.06

0 2.0216 0.0007 -339063
1 2.0216 0.0007 1555.05

0 2.0223 0.0007 -339065
1 2.0223 0.0007 1594.8

0 2.023 0.0007 -339067
1 2.023 0.0007 1573.47

0 2.0237 0.0007 -339069
1 2.0237 0.0007 1535.49

0 2.0244 0.0007 -339071
1 2.0244 0.0007 1569.48

0 2.0251 0.0007 -339074
1 2.0251 0.0007 1554.06

0 2.0258 0.0007 -339077
1 2.0258 0.0007 1552.4

0 2.0265 0.0007 -339079
1 2.0265 0.0007 1559.7

0 2.0272 0.0007 -339082
1 2.0272 0.0007 1583.19

0 2.0279 0.0007 -339085
1 2.0279 0.0007 1580.46

0 2.0286 0.0007 -339088
1 2.0286 0.0007 1543.7

0 2.0293 0.0007 -339092
1 2.0293 0.0007 1575.91

0 2.03 0.0007 -339095
1 2.03 0.0007 1545.31

0 2.0307 0.0007 -339097
1 2.0307 0.0007 1478.48

0 2.0314 0.0007 -339099
1 2.0314 0.0007 1695.34

0 2.0321 0.0007 -339103
1 2.0321 0.0007 1571.38

0 2.0328 0.0007 -339106
1 2.0328 0.0007 1514.78

0 2.0335 0.0007 -339108
1 2.0335 0.0007 1569.12

0 2.0342 0.0007 -339110
1 2.0342 0.0007 1546.28

0 2.0349 0.0007 -339112
1 2.0349 0.0007 1524.49

0 2.0356 0.0007 -339113
1 2.0356 0.0007 1579.43

0 2.0363 0.0007 -339115
1 2.0363 0.0007 1562.39

0 2.037 0.0007 -339115
1 2.037 0.0007 1539.87

0 2.0377 0.0007 -339116
1 2.0377 0.0007 1538.32

0 2.0384 0.0007 -339116
1 2.0384 0.0007 1552.21

0 2.0391 0.0007 -339117
1 2.0391 0.0007 1570.67

0 2.0398 0.0007 -339118
1 2.0398 0.0007 1559.45

0 2.0405 0.0007 -339115
1 2.0405 0.0007 1562.36

0 2.0412 0.0007 -339115
1 2.0412 0.0007 1640.04

0 2.0419 0.0007 -339117
1 2.0419 0.0007 1607.56

0 2.0426 0.0007 -339117
1 2.0426 0.0007 1457.28

0 2.0433 0.0007 -339115
1 2.0433 0.0007 1457.98

0 2.044 0.0007 -339109
1 2.044 0.0007 1493.64

0 2.0447 0.0007 -339104
1 2.0447 0.0007 1654.12

0 2.0454 0.0007 -339102
1 2.0454 0.0007 1612.41

0 2.0461 0.0007 -339099
1 2.0461 0.0007 1511.8

0 2.0468 0.0007 -339094
1 2.0468 0.0007 1548.22

0 2.0475 0.0007 -339090
1 2.0475 0.0007 1582.99

0 2.0482 0.0007 -339085
1 2.0482 0.0007 1552.12

0 2.0489 0.0007 -339081
1 2.0489 0.0007 1533.74

0 2.0496 0.0007 -339077
1 2.0496 0.0007 1572.85

0 2.0503 0.0007 -339071
1 2.0503 0.0007 1557.67

0 2.051 0.0007 -339067
1 2.051 0.0007 1577.56

0 2.0517 0.0007 -339061
1 2.0517 0.0007 1547.68

0 2.0524 0.0007 -339055
1 2.0524 0.0007 1557.24

0 2.0531 0.0007 -339051
1 2.0531 0.0007 1577.58

0 2.0538 0.0007 -339043
1 2.0538 0.0007 1482.98

0 2.0545 0.0007 -339038
1 2.0545 0.0007 1463.44

0 2.0552 0.0007 -339034
1 2.0552 0.0007 1690.95

0 2.0559 0.0007 -339027
1 2.0559 0.0007 1560.33

0 2.0566 0.0007 -339023
1 2.0566 0.0007 1513.44

0 2.0573 0.0007 -339018
1 2.0573 0.0007 1570.01

0 2.058 0.0007 -339013
1 2.058 0.0007 1551.42

0 2.0587 0.0007 -339010
1 2.0587 0.0007 1552.99

0 2.0594 0.0007 -339006
1 2.0594 0.0007 1552.56

0 2.0601 0.0007 -339003
1 2.0601 0.0007 1560.77

0 2.0608 0.0007 -339000
1 2.0608 0.0007 1565.87

0 2.0615 0.0007 -338998
1 2.0615 0.0007 1533.36

0 2.0622 0.0007 -338996
1 2.0622 0.0007 1549.01

0 2.0629 0.0007 -338993
1 2.0629 0.0007 1591.46

0 2.0636 0.0007 -338993
1 2.0636 0.0007 1500.67

0 2.0643 0.0007 -338993
1 2.0643 0.0007 1489.68

0 2.065 0.0007 -338991
1 2.065 0.0007 1587.52

0 2.0657 0.0007 -338990
1 2.0657 0.0007 1709.81

0 2.0664 0.0007 -338989
1 2.0664 0.0007 1639.17

0 2.0671 0.0007 -338990
1 2.0671 0.0007 1487.09

0 2.0678 0.0007 -338992
1 2.0678 0.0007 1454.74

0 2.0685 0.0007 -338993
1 2.0685 0.0007 1548.07

0 2.0692 0.0007 -338995
1 2.0692 0.0007 1587.54

0 2.0699 0.0007 -338997
1 2.0699 0.0007 1557

0 2.0706 0.0007 -338999
1 2.0706 0.0007 1524.59

0 2.0713 0.0007 -339001
1 2.0713 0.0007 1565.14

0 2.072 0.0007 -339004
1 2.072 0.0007 1555.73

0 2.0727 0.0007 -339007
1 2.0727 0.0007 1561.83

0 2.0734 0.0007 -339010
1 2.0734 0.0007 1557.15

0 2.0741 0.0007 -339012
1 2.0741 0.0007 1579.47

0 2.0748 0.0007 -339015
1 2.0748 0.0007 1598.03

0 2.0755 0.0007 -339019
1 2.0755 0.0007 1521.31

0 2.0762 0.0007 -339022
1 2.0762 0.0007 1567.15

0 2.0769 0.0007 -339026
1 2.0769 0.0007 1566.18

0 2.0776 0.0007 -339028
1 2.0776 0.0007 1495.59

0 2.0783 0.0007 -339030
1 2.0783 0.0007 1693.45

0 2.079 0.0007 -339035
1 2.079 0.0007 1578.85

0 2.0797 0.0007 -339038
1 2.0797 0.0007 1523.17

0 2.0804 0.0007 -339040
1 2.0804 0.0007 1556.39

0 2.0811 0.0007 -339042
1 2.0811 0.0007 1549.39

0 2.0818 0.0007 -339044
1 2.0818 0.0007 1534.97

0 2.0825 0.0007 -339045
1 2.0825 0.0007 1570.04

0 2.0832 0.0007 -339047
1 2.0832 0.0007 1572.28

0 2.0839 0.0007 -339048
1 2.0839 0.0007 1551.69

0 2.0846 0.0007 -339048
1 2.0846 0.0007 1535

0 2.0853 0.0007 -339049
1 2.0853 0.0007 1542.05

0 2.086 0.0007 -339049
1 2.086 0.0007 1573.95

0 2.0867 0.0007 -339051
1 2.0867 0.0007 1558.7

0 2.0874 0.0007 -339049
1 2.0874 0.0007 1566.18

0 2.0881 0.0007 -339048
1 2.0881 0.0007 1630.46

0 2.0888 0.0007 -339050
1 2.0888 0.0007 1638.55

0 2.0895 0.0007 -339051
1 2.0895 0.0007 1454.22

0 2.0902 0.0007 -339049
1 2.0902 0.0007 1452.38

0 2.0909 0.0007 -339043
1 2.0909 0.0007 1481.72

0 2.0916 0.0007 -339038
1 2.0916 0.0007 1649.69

0 2.0923 0.0007 -339036
1 2.0923 0.0007 1627.37

0 2.093 0.0007 -339034
1 2.093 0.0007 1523.81

0 2.0937 0.0007 -339028
1 2.0937 0.0007 1544.08

0 2.0944 0.0007 -339024
1 2.0944 0.0007 1580.25

0 2.0951 0.0007 -339020
1 2.0951 0.0007 1558.2

0 2.0958 0.0007 -339016
1 2.0958 0.0007 1529.48

0 2.0965 0.0007 -339012
1 2.0965 0.0007 1563.9

0 2.0972 0.0007 -339006
1 2.0972 0.0007 1549.55

0 2.0979 0.0007 -339002
1 2.0979 0.0007 1564.97

0 2.0986 0.0007 -338996
1 2.0986 0.0007 1562.58

0 2.0993 0.0007 -338991
1 2.0993 0.0007 1549.69

0 2.1 0.0007 -338986
1 2.1 0.0007 1596.47

