#Turbine    Time(s)    dt(s)    rotor torque (N-m)
0 1.302 0.0007 69.1725
1 1.302 0.0007 232.125

0 1.3027 0.0007 67.2432
1 1.3027 0.0007 131.611

0 1.3034 0.0007 63.6686
1 1.3034 0.0007 54.6932

0 1.3041 0.0007 61.5555
1 1.3041 0.0007 30.835

0 1.3048 0.0007 59.8597
1 1.3048 0.0007 41.7229

0 1.3055 0.0007 57.0994
1 1.3055 0.0007 51.4402

0 1.3062 0.0007 54.8987
1 1.3062 0.0007 67.426

0 1.3069 0.0007 52.4663
1 1.3069 0.0007 92.2615

0 1.3076 0.0007 48.8765
1 1.3076 0.0007 132.189

0 1.3083 0.0007 44.344
1 1.3083 0.0007 204.042

0 1.309 0.0007 36.6058
1 1.309 0.0007 231.521

0 1.3097 0.0007 26.7667
1 1.3097 0.0007 242.923

0 1.3104 0.0007 15.909
1 1.3104 0.0007 264.487

0 1.3111 0.0007 5.42118
1 1.3111 0.0007 269.97

0 1.3118 0.0007 -3.08266
1 1.3118 0.0007 222.511

0 1.3125 0.0007 -14.6657
1 1.3125 0.0007 237.245

0 1.3132 0.0007 -29.3314
1 1.3132 0.0007 271.571

0 1.3139 0.0007 -38.5172
1 1.3139 0.0007 311.971

0 1.3146 0.0007 -39.4375
1 1.3146 0.0007 250.894

0 1.3153 0.0007 -45.1839
1 1.3153 0.0007 211.387

0 1.316 0.0007 -56.2603
1 1.316 0.0007 215.584

0 1.3167 0.0007 -71.3935
1 1.3167 0.0007 251.163

0 1.3174 0.0007 -74.4439
1 1.3174 0.0007 265.886

0 1.3181 0.0007 -79.2372
1 1.3181 0.0007 238.278

0 1.3188 0.0007 -87.152
1 1.3188 0.0007 245.773

0 1.3195 0.0007 -94.5549
1 1.3195 0.0007 246.793

0 1.3202 0.0007 -97.9542
1 1.3202 0.0007 249.148

0 1.3209 0.0007 -101.058
1 1.3209 0.0007 249.456

0 1.3216 0.0007 -105.156
1 1.3216 0.0007 254.65

0 1.3223 0.0007 -107.485
1 1.3223 0.0007 259.789

0 1.323 0.0007 -108.227
1 1.323 0.0007 251.048

0 1.3237 0.0007 -109.565
1 1.3237 0.0007 235.325

0 1.3244 0.0007 -110.555
1 1.3244 0.0007 260.566

0 1.3251 0.0007 -109.245
1 1.3251 0.0007 234.211

0 1.3258 0.0007 -107.508
1 1.3258 0.0007 217.733

0 1.3265 0.0007 -106.832
1 1.3265 0.0007 299.522

0 1.3272 0.0007 -102.815
1 1.3272 0.0007 250.322

0 1.3279 0.0007 -97.9986
1 1.3279 0.0007 229.089

0 1.3286 0.0007 -93.8319
1 1.3286 0.0007 259.249

0 1.3293 0.0007 -89.1073
1 1.3293 0.0007 240.809

0 1.33 0.0007 -83.134
1 1.33 0.0007 241.796

0 1.3307 0.0007 -75.6141
1 1.3307 0.0007 257.579

0 1.3314 0.0007 -68.4459
1 1.3314 0.0007 245.36

0 1.3321 0.0007 -60.7781
1 1.3321 0.0007 246.241

0 1.3328 0.0007 -51.1319
1 1.3328 0.0007 236.608

0 1.3335 0.0007 -42.5561
1 1.3335 0.0007 252.575

0 1.3342 0.0007 -35.0331
1 1.3342 0.0007 247.151

0 1.3349 0.0007 -26.2314
1 1.3349 0.0007 242.964

0 1.3356 0.0007 -12.0779
1 1.3356 0.0007 247.198

0 1.3363 0.0007 -0.59211
1 1.3363 0.0007 300.015

0 1.337 0.0007 7.51442
1 1.337 0.0007 245.586

0 1.3377 0.0007 15.0368
1 1.3377 0.0007 201.122

0 1.3384 0.0007 25.8106
1 1.3384 0.0007 210.984

0 1.3391 0.0007 39.4666
1 1.3391 0.0007 257.078

0 1.3398 0.0007 49.5482
1 1.3398 0.0007 292.077

0 1.3405 0.0007 58.7348
1 1.3405 0.0007 255.53

0 1.3412 0.0007 69.0446
1 1.3412 0.0007 227.456

0 1.3419 0.0007 79.8629
1 1.3419 0.0007 253.973

0 1.3426 0.0007 88.616
1 1.3426 0.0007 258.821

0 1.3433 0.0007 96.6959
1 1.3433 0.0007 238.005

0 1.344 0.0007 104.981
1 1.344 0.0007 239.253

0 1.3447 0.0007 112.313
1 1.3447 0.0007 250.985

0 1.3454 0.0007 118.215
1 1.3454 0.0007 251.974

0 1.3461 0.0007 122.679
1 1.3461 0.0007 251.258

0 1.3468 0.0007 126.359
1 1.3468 0.0007 238.273

0 1.3475 0.0007 130.139
1 1.3475 0.0007 244.933

0 1.3482 0.0007 132.478
1 1.3482 0.0007 237.019

0 1.3489 0.0007 133.568
1 1.3489 0.0007 201.417

0 1.3496 0.0007 136.265
1 1.3496 0.0007 200.088

0 1.3503 0.0007 138.915
1 1.3503 0.0007 274.072

0 1.351 0.0007 132.934
1 1.351 0.0007 216.284

0 1.3517 0.0007 131.709
1 1.3517 0.0007 215.425

0 1.3524 0.0007 128.868
1 1.3524 0.0007 220.376

0 1.3531 0.0007 125.45
1 1.3531 0.0007 218.153

0 1.3538 0.0007 122.173
1 1.3538 0.0007 233.134

0 1.3545 0.0007 115.587
1 1.3545 0.0007 225.975

0 1.3552 0.0007 109.9
1 1.3552 0.0007 242.835

0 1.3559 0.0007 103.214
1 1.3559 0.0007 232.941

0 1.3566 0.0007 95.6048
1 1.3566 0.0007 225.241

0 1.3573 0.0007 87.1132
1 1.3573 0.0007 236.895

0 1.358 0.0007 78.0679
1 1.358 0.0007 253.189

0 1.3587 0.0007 72.0581
1 1.3587 0.0007 207.944

0 1.3594 0.0007 62.7516
1 1.3594 0.0007 221.018

0 1.3601 0.0007 50.2895
1 1.3601 0.0007 257.02

0 1.3608 0.0007 41.4987
1 1.3608 0.0007 308.944

0 1.3615 0.0007 42.2811
1 1.3615 0.0007 247.377

0 1.3622 0.0007 38.9493
1 1.3622 0.0007 195.887

0 1.3629 0.0007 30.299
1 1.3629 0.0007 208.809

0 1.3636 0.0007 16.2521
1 1.3636 0.0007 244.278

0 1.3643 0.0007 13.3643
1 1.3643 0.0007 254.543

0 1.365 0.0007 10.6752
1 1.365 0.0007 242.714

0 1.3657 0.0007 4.58988
1 1.3657 0.0007 232.284

0 1.3664 0.0007 -1.57227
1 1.3664 0.0007 245.076

0 1.3671 0.0007 -3.76219
1 1.3671 0.0007 242.701

0 1.3678 0.0007 -4.78886
1 1.3678 0.0007 244.061

0 1.3685 0.0007 -6.7201
1 1.3685 0.0007 245.727

0 1.3692 0.0007 -7.84074
1 1.3692 0.0007 257.895

0 1.3699 0.0007 -7.03566
1 1.3699 0.0007 254.024

0 1.3706 0.0007 -6.10178
1 1.3706 0.0007 234.024

0 1.3713 0.0007 -5.65314
1 1.3713 0.0007 248.988

0 1.372 0.0007 -3.14327
1 1.372 0.0007 237.837

0 1.3727 0.0007 0.0526809
1 1.3727 0.0007 210.154

0 1.3734 0.0007 2.42683
1 1.3734 0.0007 303.141

0 1.3741 0.0007 8.13879
1 1.3741 0.0007 240.699

0 1.3748 0.0007 14.334
1 1.3748 0.0007 221.949

0 1.3755 0.0007 20.994
1 1.3755 0.0007 253.588

0 1.3762 0.0007 27.5433
1 1.3762 0.0007 236.734

0 1.3769 0.0007 34.642
1 1.3769 0.0007 238.538

0 1.3776 0.0007 43.7672
1 1.3776 0.0007 258.068

0 1.3783 0.0007 52.8811
1 1.3783 0.0007 245.153

0 1.379 0.0007 62.065
1 1.379 0.0007 242.572

0 1.3797 0.0007 73.2746
1 1.3797 0.0007 232.36

0 1.3804 0.0007 84.0839
1 1.3804 0.0007 245.464

0 1.3811 0.0007 93.498
1 1.3811 0.0007 247.135

0 1.3818 0.0007 103.471
1 1.3818 0.0007 240.065

0 1.3825 0.0007 118.746
1 1.3825 0.0007 237.223

0 1.3832 0.0007 132.648
1 1.3832 0.0007 281.646

0 1.3839 0.0007 142.639
1 1.3839 0.0007 252.612

0 1.3846 0.0007 151.953
1 1.3846 0.0007 198.545

0 1.3853 0.0007 163.651
1 1.3853 0.0007 204.307

0 1.386 0.0007 179.535
1 1.386 0.0007 232.66

0 1.3867 0.0007 191.822
1 1.3867 0.0007 290.933

0 1.3874 0.0007 202.902
1 1.3874 0.0007 250.207

0 1.3881 0.0007 214.676
1 1.3881 0.0007 219.414

0 1.3888 0.0007 227.126
1 1.3888 0.0007 249.15

0 1.3895 0.0007 238.009
1 1.3895 0.0007 247.395

0 1.3902 0.0007 247.618
1 1.3902 0.0007 237.328

0 1.3909 0.0007 257.691
1 1.3909 0.0007 232.618

0 1.3916 0.0007 266.782
1 1.3916 0.0007 249.33

0 1.3923 0.0007 274.435
1 1.3923 0.0007 238.299

0 1.393 0.0007 280.424
1 1.393 0.0007 247.35

0 1.3937 0.0007 286.221
1 1.3937 0.0007 236.886

0 1.3944 0.0007 291.477
1 1.3944 0.0007 246.728

0 1.3951 0.0007 295.876
1 1.3951 0.0007 247.751

0 1.3958 0.0007 298.522
1 1.3958 0.0007 208.268

0 1.3965 0.0007 302.588
1 1.3965 0.0007 206.71

0 1.3972 0.0007 306.543
1 1.3972 0.0007 303.842

0 1.3979 0.0007 301.961
1 1.3979 0.0007 228.848

0 1.3986 0.0007 301.532
1 1.3986 0.0007 221.759

0 1.3993 0.0007 300.196
1 1.3993 0.0007 239.229

0 1.4 0.0007 297.407
1 1.4 0.0007 235.647

0 1.4007 0.0007 295.451
1 1.4007 0.0007 239.742

0 1.4014 0.0007 290.043
1 1.4014 0.0007 236.681

0 1.4021 0.0007 285.87
1 1.4021 0.0007 243.806

0 1.4028 0.0007 281.53
1 1.4028 0.0007 239.318

0 1.4035 0.0007 275.991
1 1.4035 0.0007 226.001

0 1.4042 0.0007 269.61
1 1.4042 0.0007 237.786

0 1.4049 0.0007 261.328
1 1.4049 0.0007 247.294

0 1.4056 0.0007 256.549
1 1.4056 0.0007 214.764

0 1.4063 0.0007 248.994
1 1.4063 0.0007 218.092

0 1.407 0.0007 238.209
1 1.407 0.0007 250.236

0 1.4077 0.0007 229.738
1 1.4077 0.0007 308.446

0 1.4084 0.0007 231.38
1 1.4084 0.0007 259.677

0 1.4091 0.0007 230.011
1 1.4091 0.0007 198.398

0 1.4098 0.0007 223.738
1 1.4098 0.0007 203.634

0 1.4105 0.0007 210.873
1 1.4105 0.0007 240.709

0 1.4112 0.0007 207.149
1 1.4112 0.0007 248.421

0 1.4119 0.0007 207.656
1 1.4119 0.0007 243.214

0 1.4126 0.0007 202.79
1 1.4126 0.0007 227.798

0 1.4133 0.0007 197.911
1 1.4133 0.0007 247.741

0 1.414 0.0007 195.86
1 1.414 0.0007 237.377

0 1.4147 0.0007 196.337
1 1.4147 0.0007 240.896

0 1.4154 0.0007 195.538
1 1.4154 0.0007 240.363

0 1.4161 0.0007 195.05
1 1.4161 0.0007 254.949

0 1.4168 0.0007 196.903
1 1.4168 0.0007 254.376

0 1.4175 0.0007 198.581
1 1.4175 0.0007 232.473

0 1.4182 0.0007 199.667
1 1.4182 0.0007 242.289

0 1.4189 0.0007 202.626
1 1.4189 0.0007 243.293

0 1.4196 0.0007 207.336
1 1.4196 0.0007 216.656

0 1.4203 0.0007 210.769
1 1.4203 0.0007 304.103

0 1.421 0.0007 217.211
1 1.421 0.0007 246.632

0 1.4217 0.0007 223.988
1 1.4217 0.0007 225.969

0 1.4224 0.0007 231.824
1 1.4224 0.0007 249.273

0 1.4231 0.0007 239.361
1 1.4231 0.0007 233.307

0 1.4238 0.0007 247.329
1 1.4238 0.0007 233.859

0 1.4245 0.0007 257.061
1 1.4245 0.0007 248.56

0 1.4252 0.0007 266.981
1 1.4252 0.0007 246.239

0 1.4259 0.0007 276.646
1 1.4259 0.0007 241.257

0 1.4266 0.0007 288.317
1 1.4266 0.0007 231.652

0 1.4273 0.0007 300.083
1 1.4273 0.0007 235.903

0 1.428 0.0007 310.622
1 1.428 0.0007 249.162

0 1.4287 0.0007 320.632
1 1.4287 0.0007 240.856

0 1.4294 0.0007 335.625
1 1.4294 0.0007 232.292

0 1.4301 0.0007 351.073
1 1.4301 0.0007 274.289

0 1.4308 0.0007 362.516
1 1.4308 0.0007 260.193

0 1.4315 0.0007 372.358
1 1.4315 0.0007 195.882

0 1.4322 0.0007 383.774
1 1.4322 0.0007 203.802

0 1.4329 0.0007 400.155
1 1.4329 0.0007 215.122

0 1.4336 0.0007 413.793
1 1.4336 0.0007 283.623

0 1.4343 0.0007 425.089
1 1.4343 0.0007 258.632

0 1.435 0.0007 437.242
1 1.435 0.0007 217.207

0 1.4357 0.0007 450.29
1 1.4357 0.0007 235.234

0 1.4364 0.0007 461.912
1 1.4364 0.0007 248.789

0 1.4371 0.0007 472.044
1 1.4371 0.0007 240.092

0 1.4378 0.0007 482.67
1 1.4378 0.0007 228.261

0 1.4385 0.0007 492.052
1 1.4385 0.0007 251.848

0 1.4392 0.0007 500.401
1 1.4392 0.0007 242.798

0 1.4399 0.0007 506.964
1 1.4399 0.0007 244.739

0 1.4406 0.0007 513.178
1 1.4406 0.0007 234.942

0 1.4413 0.0007 518.746
1 1.4413 0.0007 245.826

0 1.442 0.0007 523.55
1 1.442 0.0007 256.106

0 1.4427 0.0007 526.133
1 1.4427 0.0007 211.412

0 1.4434 0.0007 530.565
1 1.4434 0.0007 207.46

0 1.4441 0.0007 534.914
1 1.4441 0.0007 300.066

0 1.4448 0.0007 529.926
1 1.4448 0.0007 241.178

0 1.4455 0.0007 529.706
1 1.4455 0.0007 220.292

0 1.4462 0.0007 529.437
1 1.4462 0.0007 242.821

0 1.4469 0.0007 526.468
1 1.4469 0.0007 246.814

0 1.4476 0.0007 524.597
1 1.4476 0.0007 242.212

0 1.4483 0.0007 519.824
1 1.4483 0.0007 236.663

0 1.449 0.0007 515.266
1 1.449 0.0007 234.883

0 1.4497 0.0007 511.311
1 1.4497 0.0007 242.113

0 1.4504 0.0007 505.659
1 1.4504 0.0007 228.737

0 1.4511 0.0007 499.388
1 1.4511 0.0007 233.815

0 1.4518 0.0007 491.456
1 1.4518 0.0007 253.048

0 1.4525 0.0007 486.19
1 1.4525 0.0007 214.44

0 1.4532 0.0007 480.063
1 1.4532 0.0007 216.225

0 1.4539 0.0007 469.153
1 1.4539 0.0007 244.157

0 1.4546 0.0007 459.576
1 1.4546 0.0007 308.557

0 1.4553 0.0007 461.107
1 1.4553 0.0007 268.798

0 1.456 0.0007 459.732
1 1.456 0.0007 208.517

0 1.4567 0.0007 454.005
1 1.4567 0.0007 193.873

0 1.4574 0.0007 442.029
1 1.4574 0.0007 231.942

0 1.4581 0.0007 435.389
1 1.4581 0.0007 249.076

0 1.4588 0.0007 436.238
1 1.4588 0.0007 238.245

0 1.4595 0.0007 431.903
1 1.4595 0.0007 228.35

0 1.4602 0.0007 426.697
1 1.4602 0.0007 248.139

0 1.4609 0.0007 423.879
1 1.4609 0.0007 241.946

0 1.4616 0.0007 424.154
1 1.4616 0.0007 241.998

0 1.4623 0.0007 422.496
1 1.4623 0.0007 232.299

0 1.463 0.0007 421.702
1 1.463 0.0007 249.48

0 1.4637 0.0007 422.673
1 1.4637 0.0007 261.54

0 1.4644 0.0007 424.453
1 1.4644 0.0007 226.645

0 1.4651 0.0007 425.388
1 1.4651 0.0007 241.793

0 1.4658 0.0007 427.897
1 1.4658 0.0007 243.773

0 1.4665 0.0007 431.455
1 1.4665 0.0007 221.288

0 1.4672 0.0007 434.432
1 1.4672 0.0007 206.02

0 1.4679 0.0007 437.631
1 1.4679 0.0007 270.509

0 1.4686 0.0007 444.783
1 1.4686 0.0007 231.776

0 1.4693 0.0007 452.477
1 1.4693 0.0007 249.457

0 1.47 0.0007 458.628
1 1.47 0.0007 239.943

0 1.4707 0.0007 466.254
1 1.4707 0.0007 219.011

0 1.4714 0.0007 474.437
1 1.4714 0.0007 248.592

0 1.4721 0.0007 484.625
1 1.4721 0.0007 247.252

0 1.4728 0.0007 493.003
1 1.4728 0.0007 241.718

0 1.4735 0.0007 503.994
1 1.4735 0.0007 231.907

0 1.4742 0.0007 515.139
1 1.4742 0.0007 233.485

0 1.4749 0.0007 525.327
1 1.4749 0.0007 249.258

0 1.4756 0.0007 534.257
1 1.4756 0.0007 237.585

0 1.4763 0.0007 547.818
1 1.4763 0.0007 235.989

0 1.477 0.0007 563.092
1 1.477 0.0007 259.353

0 1.4777 0.0007 573.954
1 1.4777 0.0007 271.649

0 1.4784 0.0007 583.3
1 1.4784 0.0007 198.18

0 1.4791 0.0007 593.144
1 1.4791 0.0007 202.785

0 1.4798 0.0007 608.46
1 1.4798 0.0007 203.499

0 1.4805 0.0007 622.22
1 1.4805 0.0007 280.467

0 1.4812 0.0007 632.677
1 1.4812 0.0007 266.55

0 1.4819 0.0007 643.652
1 1.4819 0.0007 222.958

0 1.4826 0.0007 656.06
1 1.4826 0.0007 224.286

0 1.4833 0.0007 666.995
1 1.4833 0.0007 249.69

0 1.484 0.0007 676.394
1 1.484 0.0007 244.688

0 1.4847 0.0007 685.956
1 1.4847 0.0007 224.157

0 1.4854 0.0007 694.648
1 1.4854 0.0007 250.611

0 1.4861 0.0007 702.293
1 1.4861 0.0007 241.429

0 1.4868 0.0007 708.1
1 1.4868 0.0007 239.774

0 1.4875 0.0007 713.377
1 1.4875 0.0007 240.459

0 1.4882 0.0007 718.153
1 1.4882 0.0007 242.308

0 1.4889 0.0007 722.166
1 1.4889 0.0007 260.214

0 1.4896 0.0007 723.863
1 1.4896 0.0007 214.908

0 1.4903 0.0007 727.151
1 1.4903 0.0007 211.334

0 1.491 0.0007 730.714
1 1.491 0.0007 308.941

0 1.4917 0.0007 724.57
1 1.4917 0.0007 241.261

0 1.4924 0.0007 723.097
1 1.4924 0.0007 215.414

0 1.4931 0.0007 722.137
1 1.4931 0.0007 244.05

0 1.4938 0.0007 718.062
1 1.4938 0.0007 245.025

0 1.4945 0.0007 715.122
1 1.4945 0.0007 232.716

0 1.4952 0.0007 709.499
1 1.4952 0.0007 235.756

0 1.4959 0.0007 703.601
1 1.4959 0.0007 235.52

0 1.4966 0.0007 698.532
1 1.4966 0.0007 243.514

0 1.4973 0.0007 691.859
1 1.4973 0.0007 230.015

0 1.498 0.0007 684.554
1 1.498 0.0007 231.89

0 1.4987 0.0007 675.57
1 1.4987 0.0007 245.755

0 1.4994 0.0007 668.545
1 1.4994 0.0007 226.181

0 1.5001 0.0007 661.588
1 1.5001 0.0007 212.535

0 1.5008 0.0007 650.182
1 1.5008 0.0007 235.366

0 1.5015 0.0007 638.771
1 1.5015 0.0007 290.225

0 1.5022 0.0007 636.748
1 1.5022 0.0007 280.788

0 1.5029 0.0007 635.217
1 1.5029 0.0007 210.618

0 1.5036 0.0007 629.104
1 1.5036 0.0007 199.863

0 1.5043 0.0007 616.45
1 1.5043 0.0007 224.611

0 1.505 0.0007 606.768
1 1.505 0.0007 249.704

0 1.5057 0.0007 606.243
1 1.5057 0.0007 241.244

0 1.5064 0.0007 601.164
1 1.5064 0.0007 228.431

0 1.5071 0.0007 594.822
1 1.5071 0.0007 247.449

0 1.5078 0.0007 590.174
1 1.5078 0.0007 237.627

0 1.5085 0.0007 588.899
1 1.5085 0.0007 246.274

0 1.5092 0.0007 585.917
1 1.5092 0.0007 238.043

0 1.5099 0.0007 583.744
1 1.5099 0.0007 249.023

0 1.5106 0.0007 583.472
1 1.5106 0.0007 253.81

0 1.5113 0.0007 583.957
1 1.5113 0.0007 230.488

0 1.512 0.0007 583.568
1 1.512 0.0007 234.947

0 1.5127 0.0007 584.424
1 1.5127 0.0007 247.559

0 1.5134 0.0007 586.856
1 1.5134 0.0007 220.099

0 1.5141 0.0007 588.885
1 1.5141 0.0007 205.487

0 1.5148 0.0007 590.625
1 1.5148 0.0007 278.874

0 1.5155 0.0007 596.089
1 1.5155 0.0007 239.088

0 1.5162 0.0007 602.481
1 1.5162 0.0007 245.061

0 1.5169 0.0007 607.501
1 1.5169 0.0007 240.05

0 1.5176 0.0007 613.411
1 1.5176 0.0007 219.741

0 1.5183 0.0007 620.006
1 1.5183 0.0007 246.695

0 1.519 0.0007 628.578
1 1.519 0.0007 252.76

0 1.5197 0.0007 635.896
1 1.5197 0.0007 243.555

0 1.5204 0.0007 645.144
1 1.5204 0.0007 231.69

0 1.5211 0.0007 655.126
1 1.5211 0.0007 227.962

0 1.5218 0.0007 664.035
1 1.5218 0.0007 248.597

0 1.5225 0.0007 671.45
1 1.5225 0.0007 230.874

0 1.5232 0.0007 682.556
1 1.5232 0.0007 235.019

0 1.5239 0.0007 697.135
1 1.5239 0.0007 254.513

0 1.5246 0.0007 707.187
1 1.5246 0.0007 275.042

0 1.5253 0.0007 715.305
1 1.5253 0.0007 211.694

0 1.526 0.0007 723.556
1 1.526 0.0007 197.675

0 1.5267 0.0007 736.778
1 1.5267 0.0007 199.226

0 1.5274 0.0007 749.596
1 1.5274 0.0007 273.54

0 1.5281 0.0007 758.629
1 1.5281 0.0007 271.756

0 1.5288 0.0007 768.091
1 1.5288 0.0007 225.858

0 1.5295 0.0007 779.306
1 1.5295 0.0007 221.738

0 1.5302 0.0007 789.223
1 1.5302 0.0007 250.412

0 1.5309 0.0007 797.451
1 1.5309 0.0007 247.64

0 1.5316 0.0007 805.5
1 1.5316 0.0007 227.951

0 1.5323 0.0007 813.043
1 1.5323 0.0007 238.025

0 1.533 0.0007 819.273
1 1.533 0.0007 240.069

0 1.5337 0.0007 823.931
1 1.5337 0.0007 241.107

0 1.5344 0.0007 828.088
1 1.5344 0.0007 245.757

0 1.5351 0.0007 831.646
1 1.5351 0.0007 243.754

0 1.5358 0.0007 834.466
1 1.5358 0.0007 258.608

0 1.5365 0.0007 835.453
1 1.5365 0.0007 220.697

0 1.5372 0.0007 837.01
1 1.5372 0.0007 200.271

0 1.5379 0.0007 839.018
1 1.5379 0.0007 315.211

0 1.5386 0.0007 831.824
1 1.5386 0.0007 247.611

0 1.5393 0.0007 828.922
1 1.5393 0.0007 214.471

0 1.54 0.0007 826.951
1 1.54 0.0007 237.368

0 1.5407 0.0007 821.481
1 1.5407 0.0007 250.727

0 1.5414 0.0007 817.252
1 1.5414 0.0007 240.901

0 1.5421 0.0007 810.754
1 1.5421 0.0007 238.146

0 1.5428 0.0007 803.095
1 1.5428 0.0007 234.827

0 1.5435 0.0007 796.664
1 1.5435 0.0007 241.106

0 1.5442 0.0007 789.004
1 1.5442 0.0007 229.975

0 1.5449 0.0007 780.461
1 1.5449 0.0007 231.432

0 1.5456 0.0007 770.177
1 1.5456 0.0007 243.709

0 1.5463 0.0007 761.566
1 1.5463 0.0007 234.52

0 1.547 0.0007 753.485
1 1.547 0.0007 210.794

0 1.5477 0.0007 741.332
1 1.5477 0.0007 228.624

0 1.5484 0.0007 728.241
1 1.5484 0.0007 272.821

0 1.5491 0.0007 723.019
1 1.5491 0.0007 289.936

0 1.5498 0.0007 721.289
1 1.5498 0.0007 222.345

0 1.5505 0.0007 714.303
1 1.5505 0.0007 199.248

0 1.5512 0.0007 701.782
1 1.5512 0.0007 219.948

0 1.5519 0.0007 688.421
1 1.5519 0.0007 247.67

0 1.5526 0.0007 686.831
1 1.5526 0.0007 243.645

0 1.5533 0.0007 681.344
1 1.5533 0.0007 235.805

0 1.554 0.0007 673.559
1 1.554 0.0007 240.468

0 1.5547 0.0007 667.355
1 1.5547 0.0007 239.207

0 1.5554 0.0007 664.486
1 1.5554 0.0007 240.447

0 1.5561 0.0007 660.593
1 1.5561 0.0007 237.966

0 1.5568 0.0007 657.02
1 1.5568 0.0007 249.259

0 1.5575 0.0007 655.337
1 1.5575 0.0007 253.489

0 1.5582 0.0007 654.336
1 1.5582 0.0007 237.815

0 1.5589 0.0007 652.498
1 1.5589 0.0007 226.918

0 1.5596 0.0007 651.902
1 1.5596 0.0007 255.58

0 1.5603 0.0007 652.83
1 1.5603 0.0007 226.48

0 1.561 0.0007 654.175
1 1.561 0.0007 204.39

0 1.5617 0.0007 654.518
1 1.5617 0.0007 289.48

0 1.5624 0.0007 658.586
1 1.5624 0.0007 238.526

0 1.5631 0.0007 663.237
1 1.5631 0.0007 238.244

0 1.5638 0.0007 667.335
1 1.5638 0.0007 244.549

0 1.5645 0.0007 671.959
1 1.5645 0.0007 223.512

0 1.5652 0.0007 677.507
1 1.5652 0.0007 240.725

0 1.5659 0.0007 684.87
1 1.5659 0.0007 253.393

0 1.5666 0.0007 690.949
1 1.5666 0.0007 242.434

0 1.5673 0.0007 698.764
1 1.5673 0.0007 238.796

0 1.568 0.0007 707.741
1 1.568 0.0007 225.101

0 1.5687 0.0007 715.204
1 1.5687 0.0007 255.462

0 1.5694 0.0007 721.767
1 1.5694 0.0007 229.139

0 1.5701 0.0007 730.732
1 1.5701 0.0007 230.76

0 1.5708 0.0007 744.09
1 1.5708 0.0007 248.806

0 1.5715 0.0007 753.44
1 1.5715 0.0007 281.15

0 1.5722 0.0007 760.624
1 1.5722 0.0007 214.705

0 1.5729 0.0007 767.36
1 1.5729 0.0007 196.414

0 1.5736 0.0007 778.862
1 1.5736 0.0007 198.576

0 1.5743 0.0007 790.704
1 1.5743 0.0007 269.05

0 1.575 0.0007 798.902
1 1.575 0.0007 277.131

0 1.5757 0.0007 807.304
1 1.5757 0.0007 230.916

0 1.5764 0.0007 817.141
1 1.5764 0.0007 215.403

0 1.5771 0.0007 826.195
1 1.5771 0.0007 247.101

0 1.5778 0.0007 833.254
1 1.5778 0.0007 245.773

0 1.5785 0.0007 840.112
1 1.5785 0.0007 230.125

0 1.5792 0.0007 846.997
1 1.5792 0.0007 230.81

0 1.5799 0.0007 852.284
1 1.5799 0.0007 244.392

0 1.5806 0.0007 856.273
1 1.5806 0.0007 244.817

0 1.5813 0.0007 859.16
1 1.5813 0.0007 249.335

0 1.582 0.0007 861.915
1 1.582 0.0007 228.694

0 1.5827 0.0007 863.537
1 1.5827 0.0007 251.543

0 1.5834 0.0007 863.789
1 1.5834 0.0007 231.625

0 1.5841 0.0007 864.131
1 1.5841 0.0007 208.771

0 1.5848 0.0007 865.199
1 1.5848 0.0007 316.323

0 1.5855 0.0007 856.969
1 1.5855 0.0007 251.439

0 1.5862 0.0007 852.885
1 1.5862 0.0007 208.611

0 1.5869 0.0007 849.939
1 1.5869 0.0007 241.019

0 1.5876 0.0007 843.758
1 1.5876 0.0007 242.758

0 1.5883 0.0007 838.164
1 1.5883 0.0007 242.269

0 1.589 0.0007 831.759
1 1.589 0.0007 238.345

0 1.5897 0.0007 822.646
1 1.5897 0.0007 230.972

0 1.5904 0.0007 815.115
1 1.5904 0.0007 248.941

0 1.5911 0.0007 806.307
1 1.5911 0.0007 232.347

0 1.5918 0.0007 797.347
1 1.5918 0.0007 228.481

0 1.5925 0.0007 786.525
1 1.5925 0.0007 242.506

0 1.5932 0.0007 776.172
1 1.5932 0.0007 243.182

0 1.5939 0.0007 767.489
1 1.5939 0.0007 207.355

0 1.5946 0.0007 754.942
1 1.5946 0.0007 230.258

0 1.5953 0.0007 740.137
1 1.5953 0.0007 261.982

0 1.596 0.0007 732.373
1 1.596 0.0007 298.666

0 1.5967 0.0007 729.961
1 1.5967 0.0007 230.637

0 1.5974 0.0007 722.895
1 1.5974 0.0007 195.65

0 1.5981 0.0007 710.661
1 1.5981 0.0007 207.128

0 1.5988 0.0007 695.007
1 1.5988 0.0007 247.611

0 1.5995 0.0007 691.718
1 1.5995 0.0007 248.963

0 1.6002 0.0007 685.668
1 1.6002 0.0007 233.604

0 1.6009 0.0007 677.336
1 1.6009 0.0007 238.449

0 1.6016 0.0007 669.366
1 1.6016 0.0007 236.559

0 1.6023 0.0007 665.399
1 1.6023 0.0007 240.274

0 1.603 0.0007 661.006
1 1.603 0.0007 243.868

0 1.6037 0.0007 656.319
1 1.6037 0.0007 244.582

0 1.6044 0.0007 653.161
1 1.6044 0.0007 254.547

0 1.6051 0.0007 651.54
1 1.6051 0.0007 238.659

0 1.6058 0.0007 649.2
1 1.6058 0.0007 227.993

0 1.6065 0.0007 647.624
1 1.6065 0.0007 262.462

0 1.6072 0.0007 647.184
1 1.6072 0.0007 224.772

0 1.6079 0.0007 647.706
1 1.6079 0.0007 208.074

0 1.6086 0.0007 647.245
1 1.6086 0.0007 287.996

0 1.6093 0.0007 650.354
1 1.6093 0.0007 239.421

0 1.61 0.0007 654.322
1 1.61 0.0007 229.749

0 1.6107 0.0007 657.393
1 1.6107 0.0007 250.629

0 1.6114 0.0007 660.792
1 1.6114 0.0007 232.637

0 1.6121 0.0007 665.551
1 1.6121 0.0007 231.01

0 1.6128 0.0007 671.906
1 1.6128 0.0007 251.876

0 1.6135 0.0007 677.491
1 1.6135 0.0007 240.864

0 1.6142 0.0007 683.862
1 1.6142 0.0007 237.662

0 1.6149 0.0007 692.235
1 1.6149 0.0007 225.703

0 1.6156 0.0007 699.354
1 1.6156 0.0007 249.474

0 1.6163 0.0007 705.255
1 1.6163 0.0007 234.356

0 1.617 0.0007 712.691
1 1.617 0.0007 228.919

0 1.6177 0.0007 725.025
1 1.6177 0.0007 245.823

0 1.6184 0.0007 734.437
1 1.6184 0.0007 286.436

0 1.6191 0.0007 740.973
1 1.6191 0.0007 223.724

0 1.6198 0.0007 746.703
1 1.6198 0.0007 197.815

0 1.6205 0.0007 756.765
1 1.6205 0.0007 202.745

0 1.6212 0.0007 768.209
1 1.6212 0.0007 253.605

0 1.6219 0.0007 775.939
1 1.6219 0.0007 280.058

0 1.6226 0.0007 783.411
1 1.6226 0.0007 237.546

0 1.6233 0.0007 792.099
1 1.6233 0.0007 218.467

0 1.624 0.0007 800.959
1 1.624 0.0007 245.614

0 1.6247 0.0007 807.676
1 1.6247 0.0007 250.928

0 1.6254 0.0007 813.562
1 1.6254 0.0007 227.879

0 1.6261 0.0007 819.744
1 1.6261 0.0007 232.24

0 1.6268 0.0007 824.534
1 1.6268 0.0007 246.086

0 1.6275 0.0007 828.089
1 1.6275 0.0007 237.777

0 1.6282 0.0007 830.232
1 1.6282 0.0007 241.28

0 1.6289 0.0007 832.007
1 1.6289 0.0007 235.606

0 1.6296 0.0007 833.069
1 1.6296 0.0007 250.351

0 1.6303 0.0007 833.308
1 1.6303 0.0007 239.17

0 1.631 0.0007 832.638
1 1.631 0.0007 215.942

0 1.6317 0.0007 833.133
1 1.6317 0.0007 208.762

0 1.6324 0.0007 832.699
1 1.6324 0.0007 285.312

0 1.6331 0.0007 824.42
1 1.6331 0.0007 231.753

0 1.6338 0.0007 820.036
1 1.6338 0.0007 235.629

0 1.6345 0.0007 813.374
1 1.6345 0.0007 244.037

0 1.6352 0.0007 807.541
1 1.6352 0.0007 238.848

0 1.6359 0.0007 801.247
1 1.6359 0.0007 242.188

0 1.6366 0.0007 791.358
1 1.6366 0.0007 232.861

0 1.6373 0.0007 783.426
1 1.6373 0.0007 246.595

0 1.638 0.0007 774.21
1 1.638 0.0007 229.911

0 1.6387 0.0007 764.786
1 1.6387 0.0007 225.799

0 1.6394 0.0007 754.185
1 1.6394 0.0007 242.715

0 1.6401 0.0007 742.733
1 1.6401 0.0007 248.589

0 1.6408 0.0007 733.823
1 1.6408 0.0007 207.693

0 1.6415 0.0007 721.677
1 1.6415 0.0007 223.412

0 1.6422 0.0007 706.459
1 1.6422 0.0007 256.382

0 1.6429 0.0007 696.407
1 1.6429 0.0007 302.232

0 1.6436 0.0007 694.341
1 1.6436 0.0007 239.298

0 1.6443 0.0007 687.518
1 1.6443 0.0007 202.66

0 1.645 0.0007 674.98
1 1.645 0.0007 207.659

0 1.6457 0.0007 658.323
1 1.6457 0.0007 239.404

0 1.6464 0.0007 653.507
1 1.6464 0.0007 255.551

0 1.6471 0.0007 647.455
1 1.6471 0.0007 231.063

0 1.6478 0.0007 638.427
1 1.6478 0.0007 235.355

0 1.6485 0.0007 629.724
1 1.6485 0.0007 237.487

0 1.6492 0.0007 624.928
1 1.6492 0.0007 238.724

0 1.6499 0.0007 620.682
1 1.6499 0.0007 239.164

0 1.6506 0.0007 615.441
1 1.6506 0.0007 247.93

0 1.6513 0.0007 611.809
1 1.6513 0.0007 254.778

0 1.652 0.0007 609.397
1 1.652 0.0007 245.157

0 1.6527 0.0007 606.519
1 1.6527 0.0007 228.243

0 1.6534 0.0007 603.771
1 1.6534 0.0007 249.357

0 1.6541 0.0007 602.92
1 1.6541 0.0007 228.634

0 1.6548 0.0007 603.176
1 1.6548 0.0007 205.654

0 1.6555 0.0007 602.368
1 1.6555 0.0007 293.582

0 1.6562 0.0007 604.75
1 1.6562 0.0007 245.005

0 1.6569 0.0007 607.757
1 1.6569 0.0007 218.893

0 1.6576 0.0007 610.439
1 1.6576 0.0007 250.461

0 1.6583 0.0007 613.31
1 1.6583 0.0007 234.557

0 1.659 0.0007 617.327
1 1.659 0.0007 232.368

0 1.6597 0.0007 622.743
1 1.6597 0.0007 250.575

0 1.6604 0.0007 628.017
1 1.6604 0.0007 238.43

0 1.6611 0.0007 633.642
1 1.6611 0.0007 233.834

0 1.6618 0.0007 641.152
1 1.6618 0.0007 226.709

0 1.6625 0.0007 648.063
1 1.6625 0.0007 241.306

0 1.6632 0.0007 653.859
1 1.6632 0.0007 241.886

0 1.6639 0.0007 660.251
1 1.6639 0.0007 235.092

0 1.6646 0.0007 671.969
1 1.6646 0.0007 238.489

0 1.6653 0.0007 681.556
1 1.6653 0.0007 284.858

0 1.666 0.0007 687.499
1 1.666 0.0007 235.669

0 1.6667 0.0007 692.87
1 1.6667 0.0007 194.06

0 1.6674 0.0007 701.29
1 1.6674 0.0007 200.53

0 1.6681 0.0007 712.843
1 1.6681 0.0007 243.752

0 1.6688 0.0007 720.825
1 1.6688 0.0007 280.495

0 1.6695 0.0007 727.688
1 1.6695 0.0007 243.3

0 1.6702 0.0007 735.707
1 1.6702 0.0007 217.707

0 1.6709 0.0007 744.248
1 1.6709 0.0007 245.92

0 1.6716 0.0007 750.852
1 1.6716 0.0007 247.808

0 1.6723 0.0007 756.472
1 1.6723 0.0007 228.005

0 1.673 0.0007 762.546
1 1.673 0.0007 232.986

0 1.6737 0.0007 767.178
1 1.6737 0.0007 244.317

0 1.6744 0.0007 770.451
1 1.6744 0.0007 242.263

0 1.6751 0.0007 772.453
1 1.6751 0.0007 242.93

0 1.6758 0.0007 773.831
1 1.6758 0.0007 237.001

0 1.6765 0.0007 774.79
1 1.6765 0.0007 244.677

0 1.6772 0.0007 775.102
1 1.6772 0.0007 246.837

0 1.6779 0.0007 773.684
1 1.6779 0.0007 208.544

0 1.6786 0.0007 773.581
1 1.6786 0.0007 215.882

0 1.6793 0.0007 773.022
1 1.6793 0.0007 296.155

0 1.68 0.0007 764.123
1 1.68 0.0007 236.045

0 1.6807 0.0007 759.635
1 1.6807 0.0007 231.089

0 1.6814 0.0007 753.175
1 1.6814 0.0007 238.536

0 1.6821 0.0007 746.331
1 1.6821 0.0007 230.226

0 1.6828 0.0007 740.112
1 1.6828 0.0007 246.78

0 1.6835 0.0007 730.237
1 1.6835 0.0007 232.915

0 1.6842 0.0007 721.984
1 1.6842 0.0007 248.71

0 1.6849 0.0007 712.682
1 1.6849 0.0007 232.901

0 1.6856 0.0007 702.648
1 1.6856 0.0007 224.19

0 1.6863 0.0007 691.917
1 1.6863 0.0007 237.901

0 1.687 0.0007 679.972
1 1.687 0.0007 252.702

0 1.6877 0.0007 670.992
1 1.6877 0.0007 210.646

0 1.6884 0.0007 659.043
1 1.6884 0.0007 219.289

0 1.6891 0.0007 643.451
1 1.6891 0.0007 251.919

0 1.6898 0.0007 631.421
1 1.6898 0.0007 309.389

0 1.6905 0.0007 629.127
1 1.6905 0.0007 248.454

0 1.6912 0.0007 622.616
1 1.6912 0.0007 193.322

0 1.6919 0.0007 611.21
1 1.6919 0.0007 207.757

0 1.6926 0.0007 593.965
1 1.6926 0.0007 237.207

0 1.6933 0.0007 587.146
1 1.6933 0.0007 252.275

0 1.694 0.0007 582.01
1 1.694 0.0007 242.804

0 1.6947 0.0007 572.687
1 1.6947 0.0007 229.191

0 1.6954 0.0007 563.117
1 1.6954 0.0007 244.225

0 1.6961 0.0007 557.51
1 1.6961 0.0007 241.28

0 1.6968 0.0007 553.14
1 1.6968 0.0007 242.855

0 1.6975 0.0007 547.734
1 1.6975 0.0007 240.94

0 1.6982 0.0007 543.077
1 1.6982 0.0007 256.752

0 1.6989 0.0007 540.338
1 1.6989 0.0007 252.687

0 1.6996 0.0007 537.887
1 1.6996 0.0007 232.13

0 1.7003 0.0007 534.728
1 1.7003 0.0007 247.068

0 1.701 0.0007 533.675
1 1.701 0.0007 232.909

0 1.7017 0.0007 533.523
1 1.7017 0.0007 209.024

0 1.7024 0.0007 532.291
1 1.7024 0.0007 298.133

0 1.7031 0.0007 534.549
1 1.7031 0.0007 240.107

0 1.7038 0.0007 537.049
1 1.7038 0.0007 220.025

0 1.7045 0.0007 540.106
1 1.7045 0.0007 251.985

0 1.7052 0.0007 542.913
1 1.7052 0.0007 234.789

0 1.7059 0.0007 546.307
1 1.7059 0.0007 231.68

0 1.7066 0.0007 551.605
1 1.7066 0.0007 253.025

0 1.7073 0.0007 556.819
1 1.7073 0.0007 240.919

0 1.708 0.0007 562.219
1 1.708 0.0007 234.687

0 1.7087 0.0007 569.498
1 1.7087 0.0007 232.19

0 1.7094 0.0007 576.525
1 1.7094 0.0007 236.418

0 1.7101 0.0007 582.072
1 1.7101 0.0007 246.88

0 1.7108 0.0007 588.1
1 1.7108 0.0007 238.63

0 1.7115 0.0007 599.25
1 1.7115 0.0007 231.897

0 1.7122 0.0007 609.394
1 1.7122 0.0007 272.541

0 1.7129 0.0007 615.53
1 1.7129 0.0007 251.911

0 1.7136 0.0007 620.799
1 1.7136 0.0007 196.682

0 1.7143 0.0007 628.354
1 1.7143 0.0007 201.102

0 1.715 0.0007 640.237
1 1.715 0.0007 223.57

0 1.7157 0.0007 648.567
1 1.7157 0.0007 287.623

0 1.7164 0.0007 655.314
1 1.7164 0.0007 251.575

0 1.7171 0.0007 663.127
1 1.7171 0.0007 214.903

0 1.7178 0.0007 671.607
1 1.7178 0.0007 236.539

0 1.7185 0.0007 678.434
1 1.7185 0.0007 250.093

0 1.7192 0.0007 683.813
1 1.7192 0.0007 231.852

0 1.7199 0.0007 689.799
1 1.7199 0.0007 233.603

0 1.7206 0.0007 694.736
1 1.7206 0.0007 246.627

0 1.7213 0.0007 698.244
1 1.7213 0.0007 240.009

0 1.722 0.0007 700.116
1 1.722 0.0007 249.021

0 1.7227 0.0007 701.701
1 1.7227 0.0007 237.269

0 1.7234 0.0007 702.645
1 1.7234 0.0007 245.76

0 1.7241 0.0007 702.957
1 1.7241 0.0007 250.62

0 1.7248 0.0007 701.203
1 1.7248 0.0007 210.655

0 1.7255 0.0007 701.126
1 1.7255 0.0007 210.423

0 1.7262 0.0007 700.745
1 1.7262 0.0007 302.483

0 1.7269 0.0007 691.649
1 1.7269 0.0007 234.666

0 1.7276 0.0007 686.95
1 1.7276 0.0007 226.263

0 1.7283 0.0007 681.127
1 1.7283 0.0007 243.752

0 1.729 0.0007 673.9
1 1.729 0.0007 236.815

0 1.7297 0.0007 667.749
1 1.7297 0.0007 240.601

0 1.7304 0.0007 658.102
1 1.7304 0.0007 236.881

0 1.7311 0.0007 649.226
1 1.7311 0.0007 241.549

0 1.7318 0.0007 640.391
1 1.7318 0.0007 242.142

0 1.7325 0.0007 630.55
1 1.7325 0.0007 224.662

0 1.7332 0.0007 619.914
1 1.7332 0.0007 237.03

0 1.7339 0.0007 607.1
1 1.7339 0.0007 250.689

0 1.7346 0.0007 597.829
1 1.7346 0.0007 213.529

0 1.7353 0.0007 586.63
1 1.7353 0.0007 212.575

0 1.736 0.0007 571.364
1 1.736 0.0007 252.299

0 1.7367 0.0007 558.277
1 1.7367 0.0007 305.264

0 1.7374 0.0007 555.789
1 1.7374 0.0007 264.204

0 1.7381 0.0007 549.951
1 1.7381 0.0007 200.336

0 1.7388 0.0007 539.368
1 1.7388 0.0007 202.461

0 1.7395 0.0007 522.25
1 1.7395 0.0007 234.49

0 1.7402 0.0007 513.449
1 1.7402 0.0007 249.954

0 1.7409 0.0007 509.736
1 1.7409 0.0007 235.012

0 1.7416 0.0007 500.952
1 1.7416 0.0007 229.117

0 1.7423 0.0007 491.549
1 1.7423 0.0007 246.696

0 1.743 0.0007 485.194
1 1.743 0.0007 239.155

0 1.7437 0.0007 481.061
1 1.7437 0.0007 240.582

0 1.7444 0.0007 475.692
1 1.7444 0.0007 237.896

0 1.7451 0.0007 470.925
1 1.7451 0.0007 253.037

0 1.7458 0.0007 468.042
1 1.7458 0.0007 254.848

0 1.7465 0.0007 465.301
1 1.7465 0.0007 225.605

0 1.7472 0.0007 461.972
1 1.7472 0.0007 240.849

0 1.7479 0.0007 460.313
1 1.7479 0.0007 245.276

0 1.7486 0.0007 460.489
1 1.7486 0.0007 217.094

0 1.7493 0.0007 459.512
1 1.7493 0.0007 301.107

0 1.75 0.0007 461.097
1 1.75 0.0007 241.179

0 1.7507 0.0007 463.515
1 1.7507 0.0007 223.364

0 1.7514 0.0007 466.56
1 1.7514 0.0007 246.886

0 1.7521 0.0007 469.388
1 1.7521 0.0007 231.863

0 1.7528 0.0007 472.871
1 1.7528 0.0007 231.874

0 1.7535 0.0007 478.024
1 1.7535 0.0007 248.967

0 1.7542 0.0007 483.541
1 1.7542 0.0007 246.441

0 1.7549 0.0007 488.653
1 1.7549 0.0007 241.139

0 1.7556 0.0007 495.771
1 1.7556 0.0007 228.719

0 1.7563 0.0007 502.86
1 1.7563 0.0007 234.164

0 1.757 0.0007 509.017
1 1.757 0.0007 248.1

0 1.7577 0.0007 514.535
1 1.7577 0.0007 236.914

0 1.7584 0.0007 524.893
1 1.7584 0.0007 233.056

0 1.7591 0.0007 535.973
1 1.7591 0.0007 267.45

0 1.7598 0.0007 542.717
1 1.7598 0.0007 260.805

0 1.7605 0.0007 548.24
1 1.7605 0.0007 194.493

0 1.7612 0.0007 554.869
1 1.7612 0.0007 203.876

0 1.7619 0.0007 566.789
1 1.7619 0.0007 207.082

0 1.7626 0.0007 576.284
1 1.7626 0.0007 283.969

0 1.7633 0.0007 583.164
1 1.7633 0.0007 258.185

0 1.764 0.0007 590.583
1 1.764 0.0007 217.927

0 1.7647 0.0007 599.255
1 1.7647 0.0007 235.954

0 1.7654 0.0007 606.565
1 1.7654 0.0007 248.229

0 1.7661 0.0007 612.284
1 1.7661 0.0007 238.223

0 1.7668 0.0007 618.542
1 1.7668 0.0007 225.457

0 1.7675 0.0007 623.516
1 1.7675 0.0007 249.695

0 1.7682 0.0007 627.516
1 1.7682 0.0007 239.462

0 1.7689 0.0007 629.84
1 1.7689 0.0007 240.719

0 1.7696 0.0007 631.796
1 1.7696 0.0007 239.547

0 1.7703 0.0007 632.941
1 1.7703 0.0007 245.259

0 1.771 0.0007 633.367
1 1.771 0.0007 253.671

0 1.7717 0.0007 631.649
1 1.7717 0.0007 214.274

0 1.7724 0.0007 631.801
1 1.7724 0.0007 208.745

0 1.7731 0.0007 631.912
1 1.7731 0.0007 301.906

0 1.7738 0.0007 622.49
1 1.7738 0.0007 242.216

0 1.7745 0.0007 617.963
1 1.7745 0.0007 220.909

0 1.7752 0.0007 613.402
1 1.7752 0.0007 244.766

0 1.7759 0.0007 606.145
1 1.7759 0.0007 242.735

0 1.7766 0.0007 600.09
1 1.7766 0.0007 240.823

0 1.7773 0.0007 591.017
1 1.7773 0.0007 240.014

0 1.778 0.0007 582.209
1 1.778 0.0007 235.841

0 1.7787 0.0007 574.177
1 1.7787 0.0007 241.397

0 1.7794 0.0007 564.561
1 1.7794 0.0007 231.183

0 1.7801 0.0007 554.041
1 1.7801 0.0007 229.074

0 1.7808 0.0007 541.707
1 1.7808 0.0007 252.031

0 1.7815 0.0007 532.537
1 1.7815 0.0007 218.236

0 1.7822 0.0007 522.289
1 1.7822 0.0007 216.297

0 1.7829 0.0007 507.262
1 1.7829 0.0007 241.132

0 1.7836 0.0007 493.516
1 1.7836 0.0007 307.424

0 1.7843 0.0007 490.625
1 1.7843 0.0007 271.439

0 1.785 0.0007 485.295
1 1.785 0.0007 204.568

0 1.7857 0.0007 475.694
1 1.7857 0.0007 194.987

0 1.7864 0.0007 459.798
1 1.7864 0.0007 229.985

0 1.7871 0.0007 448.871
1 1.7871 0.0007 248.161

0 1.7878 0.0007 445.744
1 1.7878 0.0007 240.361

0 1.7885 0.0007 437.512
1 1.7885 0.0007 229.152

0 1.7892 0.0007 428.298
1 1.7892 0.0007 248.233

0 1.7899 0.0007 421.427
1 1.7899 0.0007 238.466

0 1.7906 0.0007 417.533
1 1.7906 0.0007 240.571

0 1.7913 0.0007 411.943
1 1.7913 0.0007 233.515

0 1.792 0.0007 407.263
1 1.792 0.0007 250.171

0 1.7927 0.0007 404.325
1 1.7927 0.0007 250.383

0 1.7934 0.0007 402.124
1 1.7934 0.0007 229.446

0 1.7941 0.0007 399.254
1 1.7941 0.0007 240.261

0 1.7948 0.0007 397.856
1 1.7948 0.0007 241.572

0 1.7955 0.0007 397.472
1 1.7955 0.0007 218.969

0 1.7962 0.0007 396.924
1 1.7962 0.0007 205.982

0 1.7969 0.0007 396.35
1 1.7969 0.0007 269.001

0 1.7976 0.0007 399.444
1 1.7976 0.0007 232.414

0 1.7983 0.0007 403.428
1 1.7983 0.0007 245.814

0 1.799 0.0007 405.808
1 1.799 0.0007 241.952

0 1.7997 0.0007 409.766
1 1.7997 0.0007 214.831

0 1.8004 0.0007 414.042
1 1.8004 0.0007 248.209

0 1.8011 0.0007 420.58
1 1.8011 0.0007 244.72

0 1.8018 0.0007 425.481
1 1.8018 0.0007 241.992

0 1.8025 0.0007 432.762
1 1.8025 0.0007 230.057

0 1.8032 0.0007 440.314
1 1.8032 0.0007 235.748

0 1.8039 0.0007 446.944
1 1.8039 0.0007 249.967

0 1.8046 0.0007 452.328
1 1.8046 0.0007 234.951

0 1.8053 0.0007 462.221
1 1.8053 0.0007 231.29

0 1.806 0.0007 474.062
1 1.806 0.0007 259.107

0 1.8067 0.0007 481.534
1 1.8067 0.0007 270.209

0 1.8074 0.0007 487.484
1 1.8074 0.0007 200.582

0 1.8081 0.0007 493.875
1 1.8081 0.0007 202.534

0 1.8088 0.0007 505.686
1 1.8088 0.0007 201.602

0 1.8095 0.0007 516.184
1 1.8095 0.0007 281.523

0 1.8102 0.0007 523.287
1 1.8102 0.0007 268.659

0 1.8109 0.0007 530.878
1 1.8109 0.0007 220.216

0 1.8116 0.0007 540.005
1 1.8116 0.0007 221.277

0 1.8123 0.0007 547.729
1 1.8123 0.0007 249.562

0 1.813 0.0007 553.933
1 1.813 0.0007 245.204

0 1.8137 0.0007 560.099
1 1.8137 0.0007 223.35

0 1.8144 0.0007 565.654
1 1.8144 0.0007 242.918

0 1.8151 0.0007 570.053
1 1.8151 0.0007 244.322

0 1.8158 0.0007 572.647
1 1.8158 0.0007 241.794

0 1.8165 0.0007 574.842
1 1.8165 0.0007 241.145

0 1.8172 0.0007 576.6
1 1.8172 0.0007 239.385

0 1.8179 0.0007 577.568
1 1.8179 0.0007 260.297

0 1.8186 0.0007 576.345
1 1.8186 0.0007 217.489

0 1.8193 0.0007 576.549
1 1.8193 0.0007 209.68

0 1.82 0.0007 577.092
1 1.82 0.0007 310.559

0 1.8207 0.0007 567.964
1 1.8207 0.0007 241.791

0 1.8214 0.0007 563.488
1 1.8214 0.0007 216.793

0 1.8221 0.0007 559.65
1 1.8221 0.0007 243.315

0 1.8228 0.0007 552.849
1 1.8228 0.0007 245.114

0 1.8235 0.0007 547.129
1 1.8235 0.0007 235.428

0 1.8242 0.0007 538.529
1 1.8242 0.0007 235.273

0 1.8249 0.0007 529.557
1 1.8249 0.0007 233.855

0 1.8256 0.0007 521.897
1 1.8256 0.0007 242.361

0 1.8263 0.0007 512.641
1 1.8263 0.0007 227.422

0 1.827 0.0007 502.708
1 1.827 0.0007 230.436

0 1.8277 0.0007 490.636
1 1.8277 0.0007 248.276

0 1.8284 0.0007 480.829
1 1.8284 0.0007 227.818

0 1.8291 0.0007 471.305
1 1.8291 0.0007 209.086

0 1.8298 0.0007 457.25
1 1.8298 0.0007 234.547

0 1.8305 0.0007 443.201
1 1.8305 0.0007 286.061

0 1.8312 0.0007 438.175
1 1.8312 0.0007 284.259

0 1.8319 0.0007 434.137
1 1.8319 0.0007 212.834

0 1.8326 0.0007 425.589
1 1.8326 0.0007 200.402

0 1.8333 0.0007 410.484
1 1.8333 0.0007 221.525

0 1.834 0.0007 397.704
1 1.834 0.0007 247.166

0 1.8347 0.0007 394.692
1 1.8347 0.0007 242.12

0 1.8354 0.0007 387.554
1 1.8354 0.0007 230.6

0 1.8361 0.0007 378.654
1 1.8361 0.0007 245.692

0 1.8368 0.0007 371.365
1 1.8368 0.0007 236.002

0 1.8375 0.0007 367.621
1 1.8375 0.0007 244.171

0 1.8382 0.0007 362.687
1 1.8382 0.0007 235.329

0 1.8389 0.0007 357.957
1 1.8389 0.0007 249.334

0 1.8396 0.0007 355.48
1 1.8396 0.0007 255.978

0 1.8403 0.0007 353.591
1 1.8403 0.0007 229.25

0 1.841 0.0007 350.504
1 1.841 0.0007 232.309

0 1.8417 0.0007 348.841
1 1.8417 0.0007 249.523

0 1.8424 0.0007 349.107
1 1.8424 0.0007 219.609

0 1.8431 0.0007 349.219
1 1.8431 0.0007 203.378

0 1.8438 0.0007 348.881
1 1.8438 0.0007 281.024

0 1.8445 0.0007 352.016
1 1.8445 0.0007 240.056

0 1.8452 0.0007 356.214
1 1.8452 0.0007 239.517

0 1.8459 0.0007 359.195
1 1.8459 0.0007 240.929

0 1.8466 0.0007 363.043
1 1.8466 0.0007 221.331

0 1.8473 0.0007 367.492
1 1.8473 0.0007 244.671

0 1.848 0.0007 374.007
1 1.848 0.0007 245.123

0 1.8487 0.0007 379.126
1 1.8487 0.0007 243.536

0 1.8494 0.0007 386.336
1 1.8494 0.0007 233.153

0 1.8501 0.0007 394.377
1 1.8501 0.0007 226.965

0 1.8508 0.0007 401.267
1 1.8508 0.0007 248.668

0 1.8515 0.0007 406.619
1 1.8515 0.0007 228.359

0 1.8522 0.0007 415.485
1 1.8522 0.0007 231.941

0 1.8529 0.0007 428.19
1 1.8529 0.0007 250.469

0 1.8536 0.0007 436.463
1 1.8536 0.0007 275.836

0 1.8543 0.0007 442.615
1 1.8543 0.0007 213.947

0 1.855 0.0007 449.017
1 1.855 0.0007 198.674

0 1.8557 0.0007 460.338
1 1.8557 0.0007 197.989

0 1.8564 0.0007 471.368
1 1.8564 0.0007 274.122

0 1.8571 0.0007 478.686
1 1.8571 0.0007 271.708

0 1.8578 0.0007 486.314
1 1.8578 0.0007 224.547

0 1.8585 0.0007 495.713
1 1.8585 0.0007 222.677

0 1.8592 0.0007 503.992
1 1.8592 0.0007 252.318

0 1.8599 0.0007 510.582
1 1.8599 0.0007 249.096

0 1.8606 0.0007 516.912
1 1.8606 0.0007 225.906

0 1.8613 0.0007 522.881
1 1.8613 0.0007 237.345

0 1.862 0.0007 527.537
1 1.862 0.0007 238.618

0 1.8627 0.0007 530.763
1 1.8627 0.0007 241.646

0 1.8634 0.0007 533.26
1 1.8634 0.0007 247.453

0 1.8641 0.0007 535.31
1 1.8641 0.0007 241.968

0 1.8648 0.0007 536.727
1 1.8648 0.0007 254.151

0 1.8655 0.0007 536.384
1 1.8655 0.0007 225.013

0 1.8662 0.0007 536.351
1 1.8662 0.0007 202.231

0 1.8669 0.0007 536.84
1 1.8669 0.0007 313.2

0 1.8676 0.0007 528.132
1 1.8676 0.0007 248.98

0 1.8683 0.0007 523.872
1 1.8683 0.0007 215.529

0 1.869 0.0007 520.607
1 1.869 0.0007 236.001

0 1.8697 0.0007 513.91
1 1.8697 0.0007 247.783

0 1.8704 0.0007 508.481
1 1.8704 0.0007 240.968

0 1.8711 0.0007 501.034
1 1.8711 0.0007 237.641

0 1.8718 0.0007 491.608
1 1.8718 0.0007 237.156

0 1.8725 0.0007 483.811
1 1.8725 0.0007 239.159

0 1.8732 0.0007 475.194
1 1.8732 0.0007 230.958

0 1.8739 0.0007 465.394
1 1.8739 0.0007 226.22

0 1.8746 0.0007 454.291
1 1.8746 0.0007 246.339

0 1.8753 0.0007 444.231
1 1.8753 0.0007 233.404

0 1.876 0.0007 435.33
1 1.876 0.0007 209.793

0 1.8767 0.0007 421.981
1 1.8767 0.0007 230.726

0 1.8774 0.0007 407.645
1 1.8774 0.0007 270.848

0 1.8781 0.0007 400.806
1 1.8781 0.0007 292.557

0 1.8788 0.0007 398.065
1 1.8788 0.0007 224.368

0 1.8795 0.0007 390.158
1 1.8795 0.0007 194.089

0 1.8802 0.0007 377.056
1 1.8802 0.0007 216.356

0 1.8809 0.0007 362.025
1 1.8809 0.0007 244.175

0 1.8816 0.0007 359.451
1 1.8816 0.0007 247.267

0 1.8823 0.0007 353.12
1 1.8823 0.0007 227.942

0 1.883 0.0007 344.776
1 1.883 0.0007 241.274

0 1.8837 0.0007 337.293
1 1.8837 0.0007 242.422

0 1.8844 0.0007 333.36
1 1.8844 0.0007 242.177

0 1.8851 0.0007 328.578
1 1.8851 0.0007 238.371

0 1.8858 0.0007 324.042
1 1.8858 0.0007 246.396

0 1.8865 0.0007 321.292
1 1.8865 0.0007 255.066

0 1.8872 0.0007 319.471
1 1.8872 0.0007 233.017

0 1.8879 0.0007 316.996
1 1.8879 0.0007 227.05

0 1.8886 0.0007 315.461
1 1.8886 0.0007 258.153

0 1.8893 0.0007 315.476
1 1.8893 0.0007 218.559

0 1.89 0.0007 315.917
1 1.89 0.0007 206.104

0 1.8907 0.0007 315.519
1 1.8907 0.0007 292.087

0 1.8914 0.0007 318.789
1 1.8914 0.0007 235.355

0 1.8921 0.0007 322.883
1 1.8921 0.0007 237.139

0 1.8928 0.0007 326.163
1 1.8928 0.0007 244.415

0 1.8935 0.0007 329.96
1 1.8935 0.0007 224.274

0 1.8942 0.0007 334.748
1 1.8942 0.0007 239.256

0 1.8949 0.0007 341.438
1 1.8949 0.0007 249.261

0 1.8956 0.0007 346.986
1 1.8956 0.0007 245.425

0 1.8963 0.0007 354.096
1 1.8963 0.0007 235.506

0 1.897 0.0007 362.545
1 1.897 0.0007 226.003

0 1.8977 0.0007 369.445
1 1.8977 0.0007 257.055

0 1.8984 0.0007 375.444
1 1.8984 0.0007 230.477

0 1.8991 0.0007 383.652
1 1.8991 0.0007 226.976

0 1.8998 0.0007 396.327
1 1.8998 0.0007 245.12

0 1.9005 0.0007 405.374
1 1.9005 0.0007 280.98

0 1.9012 0.0007 412.07
1 1.9012 0.0007 214.583

0 1.9019 0.0007 418.171
1 1.9019 0.0007 193.933

0 1.9026 0.0007 428.891
1 1.9026 0.0007 201.461

0 1.9033 0.0007 440.403
1 1.9033 0.0007 267.495

0 1.904 0.0007 448.281
1 1.904 0.0007 279.7

0 1.9047 0.0007 456.266
1 1.9047 0.0007 231.173

0 1.9054 0.0007 465.562
1 1.9054 0.0007 213.455

0 1.9061 0.0007 474.303
1 1.9061 0.0007 245.444

0 1.9068 0.0007 481.047
1 1.9068 0.0007 244.43

0 1.9075 0.0007 487.286
1 1.9075 0.0007 232.852

0 1.9082 0.0007 493.893
1 1.9082 0.0007 229.792

0 1.9089 0.0007 498.888
1 1.9089 0.0007 241.532

0 1.9096 0.0007 502.557
1 1.9096 0.0007 245.516

0 1.9103 0.0007 505.288
1 1.9103 0.0007 247.693

0 1.911 0.0007 507.637
1 1.911 0.0007 230.306

0 1.9117 0.0007 509.019
1 1.9117 0.0007 250.072

0 1.9124 0.0007 509.179
1 1.9124 0.0007 230.42

0 1.9131 0.0007 509.07
1 1.9131 0.0007 210.519

0 1.9138 0.0007 509.947
1 1.9138 0.0007 317.787

0 1.9145 0.0007 501.568
1 1.9145 0.0007 250.579

0 1.9152 0.0007 497.28
1 1.9152 0.0007 210.107

0 1.9159 0.0007 494.206
1 1.9159 0.0007 236.251

0 1.9166 0.0007 488.106
1 1.9166 0.0007 243.002

0 1.9173 0.0007 482.539
1 1.9173 0.0007 245.091

0 1.918 0.0007 475.905
1 1.918 0.0007 240.249

0 1.9187 0.0007 466.569
1 1.9187 0.0007 231.803

0 1.9194 0.0007 458.911
1 1.9194 0.0007 247.583

0 1.9201 0.0007 449.866
1 1.9201 0.0007 227.758

0 1.9208 0.0007 440.737
1 1.9208 0.0007 225.708

0 1.9215 0.0007 430.365
1 1.9215 0.0007 242.755

0 1.9222 0.0007 420.116
1 1.9222 0.0007 244.309

0 1.9229 0.0007 411.459
1 1.9229 0.0007 209.75

0 1.9236 0.0007 398.825
1 1.9236 0.0007 229.519

0 1.9243 0.0007 383.96
1 1.9243 0.0007 259.371

0 1.925 0.0007 375.845
1 1.925 0.0007 294.339

0 1.9257 0.0007 374.045
1 1.9257 0.0007 229.653

0 1.9264 0.0007 367.302
1 1.9264 0.0007 199.071

0 1.9271 0.0007 355.042
1 1.9271 0.0007 206.64

0 1.9278 0.0007 339.19
1 1.9278 0.0007 245.25

0 1.9285 0.0007 335.825
1 1.9285 0.0007 250.686

0 1.9292 0.0007 330.042
1 1.9292 0.0007 233.667

0 1.9299 0.0007 321.718
1 1.9299 0.0007 239.751

0 1.9306 0.0007 313.843
1 1.9306 0.0007 238.623

0 1.9313 0.0007 309.894
1 1.9313 0.0007 237.951

0 1.932 0.0007 305.893
1 1.932 0.0007 242.547

0 1.9327 0.0007 301.322
1 1.9327 0.0007 246.535

0 1.9334 0.0007 298.17
1 1.9334 0.0007 256.307

0 1.9341 0.0007 296.701
1 1.9341 0.0007 236.574

0 1.9348 0.0007 294.294
1 1.9348 0.0007 226.666

0 1.9355 0.0007 292.855
1 1.9355 0.0007 262.135

0 1.9362 0.0007 292.68
1 1.9362 0.0007 226.761

0 1.9369 0.0007 293.501
1 1.9369 0.0007 209.159

0 1.9376 0.0007 293.276
1 1.9376 0.0007 284.861

0 1.9383 0.0007 296.503
1 1.9383 0.0007 240.518

0 1.939 0.0007 300.65
1 1.939 0.0007 222.213

0 1.9397 0.0007 303.724
1 1.9397 0.0007 250.645

0 1.9404 0.0007 307.59
1 1.9404 0.0007 233.007

0 1.9411 0.0007 312.47
1 1.9411 0.0007 233.737

0 1.9418 0.0007 319.123
1 1.9418 0.0007 253.298

0 1.9425 0.0007 325.047
1 1.9425 0.0007 235.308

0 1.9432 0.0007 331.539
1 1.9432 0.0007 238.413

0 1.9439 0.0007 340.14
1 1.9439 0.0007 225.3

0 1.9446 0.0007 347.402
1 1.9446 0.0007 244.364

0 1.9453 0.0007 353.743
1 1.9453 0.0007 234.87

0 1.946 0.0007 361.367
1 1.946 0.0007 230.924

0 1.9467 0.0007 373.998
1 1.9467 0.0007 243.422

0 1.9474 0.0007 383.975
1 1.9474 0.0007 285.76

0 1.9481 0.0007 390.597
1 1.9481 0.0007 226.428

0 1.9488 0.0007 396.767
1 1.9488 0.0007 199.262

0 1.9495 0.0007 407.149
1 1.9495 0.0007 203.437

0 1.9502 0.0007 419.137
1 1.9502 0.0007 246.549

0 1.9509 0.0007 427.354
1 1.9509 0.0007 277.418

0 1.9516 0.0007 435.187
1 1.9516 0.0007 238.464

0 1.9523 0.0007 444.369
1 1.9523 0.0007 220.609

0 1.953 0.0007 453.724
1 1.953 0.0007 243.539

0 1.9537 0.0007 461.03
1 1.9537 0.0007 248.143

0 1.9544 0.0007 467.376
1 1.9544 0.0007 228.403

0 1.9551 0.0007 474.193
1 1.9551 0.0007 231.222

0 1.9558 0.0007 479.633
1 1.9558 0.0007 242.819

0 1.9565 0.0007 483.443
1 1.9565 0.0007 237.666

0 1.9572 0.0007 486.268
1 1.9572 0.0007 242.679

0 1.9579 0.0007 488.545
1 1.9579 0.0007 237.296

0 1.9586 0.0007 490.086
1 1.9586 0.0007 246.394

0 1.9593 0.0007 490.922
1 1.9593 0.0007 240.878

0 1.96 0.0007 490.815
1 1.96 0.0007 211.747

0 1.9607 0.0007 491.92
1 1.9607 0.0007 210.622

0 1.9614 0.0007 492.161
1 1.9614 0.0007 288.145

0 1.9621 0.0007 484.38
1 1.9621 0.0007 233.013

0 1.9628 0.0007 480.649
1 1.9628 0.0007 233.131

0 1.9635 0.0007 474.848
1 1.9635 0.0007 244.234

0 1.9642 0.0007 469.448
1 1.9642 0.0007 236.73

0 1.9649 0.0007 463.925
1 1.9649 0.0007 237.15

0 1.9656 0.0007 454.95
1 1.9656 0.0007 235.311

0 1.9663 0.0007 447.471
1 1.9663 0.0007 249.51

0 1.967 0.0007 438.806
1 1.967 0.0007 231.685

0 1.9677 0.0007 430.033
1 1.9677 0.0007 226.863

0 1.9684 0.0007 420.18
1 1.9684 0.0007 239.841

0 1.9691 0.0007 409.098
1 1.9691 0.0007 250.854

0 1.9698 0.0007 400.874
1 1.9698 0.0007 207.879

0 1.9705 0.0007 389.511
1 1.9705 0.0007 220.081

0 1.9712 0.0007 375.106
1 1.9712 0.0007 254.048

0 1.9719 0.0007 365.242
1 1.9719 0.0007 304.803

0 1.9726 0.0007 363.787
1 1.9726 0.0007 243.175

0 1.9733 0.0007 357.825
1 1.9733 0.0007 202.078

0 1.974 0.0007 346.066
1 1.974 0.0007 205.535

0 1.9747 0.0007 330.011
1 1.9747 0.0007 239.945

0 1.9754 0.0007 325.662
1 1.9754 0.0007 255.667

0 1.9761 0.0007 320.45
1 1.9761 0.0007 233.696

0 1.9768 0.0007 312.179
1 1.9768 0.0007 225.518

0 1.9775 0.0007 303.809
1 1.9775 0.0007 242.254

0 1.9782 0.0007 299.763
1 1.9782 0.0007 238.821

0 1.9789 0.0007 296.388
1 1.9789 0.0007 237.604

0 1.9796 0.0007 291.835
1 1.9796 0.0007 244.61

0 1.9803 0.0007 288.562
1 1.9803 0.0007 254.247

0 1.981 0.0007 286.901
1 1.981 0.0007 247.366

0 1.9817 0.0007 284.903
1 1.9817 0.0007 229.975

0 1.9824 0.0007 282.898
1 1.9824 0.0007 248.151

0 1.9831 0.0007 282.818
1 1.9831 0.0007 230.424

0 1.9838 0.0007 283.898
1 1.9838 0.0007 202.945

0 1.9845 0.0007 283.593
1 1.9845 0.0007 294.381

0 1.9852 0.0007 286.8
1 1.9852 0.0007 246.965

0 1.9859 0.0007 290.628
1 1.9859 0.0007 218.729

0 1.9866 0.0007 294.327
1 1.9866 0.0007 250.932

0 1.9873 0.0007 298.067
1 1.9873 0.0007 233.954

0 1.988 0.0007 302.747
1 1.988 0.0007 235.109

0 1.9887 0.0007 309.092
1 1.9887 0.0007 252.19

0 1.9894 0.0007 315.249
1 1.9894 0.0007 237.054

0 1.9901 0.0007 321.591
1 1.9901 0.0007 236.471

0 1.9908 0.0007 329.988
1 1.9908 0.0007 224.338

0 1.9915 0.0007 337.72
1 1.9915 0.0007 243.488

0 1.9922 0.0007 344.525
1 1.9922 0.0007 243.917

0 1.9929 0.0007 351.696
1 1.9929 0.0007 232.903

0 1.9936 0.0007 364.105
1 1.9936 0.0007 239.998

0 1.9943 0.0007 374.721
1 1.9943 0.0007 280.493

0 1.995 0.0007 381.648
1 1.995 0.0007 239.573

0 1.9957 0.0007 387.921
1 1.9957 0.0007 189.434

0 1.9964 0.0007 396.974
1 1.9964 0.0007 200.513

0 1.9971 0.0007 409.522
1 1.9971 0.0007 234.489

0 1.9978 0.0007 418.453
1 1.9978 0.0007 284.825

0 1.9985 0.0007 426.277
1 1.9985 0.0007 243.403

0 1.9992 0.0007 435.294
1 1.9992 0.0007 219.402

0 1.9999 0.0007 444.787
1 1.9999 0.0007 240.415

0 2.0006 0.0007 452.482
1 2.0006 0.0007 250.637

0 2.0013 0.0007 458.944
1 2.0013 0.0007 230.162

0 2.002 0.0007 465.927
1 2.002 0.0007 231.838

0 2.0027 0.0007 471.544
1 2.0027 0.0007 242.103

0 2.0034 0.0007 475.916
1 2.0034 0.0007 239.308

0 2.0041 0.0007 478.822
1 2.0041 0.0007 244.507

0 2.0048 0.0007 481.336
1 2.0048 0.0007 233.321

0 2.0055 0.0007 483.069
1 2.0055 0.0007 247.457

0 2.0062 0.0007 484.389
1 2.0062 0.0007 246.191

0 2.0069 0.0007 483.936
1 2.0069 0.0007 206.203

0 2.0076 0.0007 484.833
1 2.0076 0.0007 209.668

0 2.0083 0.0007 485.132
1 2.0083 0.0007 300.592

0 2.009 0.0007 477.18
1 2.009 0.0007 237.169

0 2.0097 0.0007 473.698
1 2.0097 0.0007 229.033

0 2.0104 0.0007 468.21
1 2.0104 0.0007 235.888

0 2.0111 0.0007 462.274
1 2.0111 0.0007 232.421

0 2.0118 0.0007 457.052
1 2.0118 0.0007 245.828

0 2.0125 0.0007 448.477
1 2.0125 0.0007 235.283

0 2.0132 0.0007 441.054
1 2.0132 0.0007 244.479

0 2.0139 0.0007 432.863
1 2.0139 0.0007 235.203

0 2.0146 0.0007 423.72
1 2.0146 0.0007 223.512

0 2.0153 0.0007 414.287
1 2.0153 0.0007 232.924

0 2.016 0.0007 402.934
1 2.016 0.0007 250.129

0 2.0167 0.0007 395.151
1 2.0167 0.0007 211.697

0 2.0174 0.0007 384.131
1 2.0174 0.0007 221.513

0 2.0181 0.0007 369.5
1 2.0181 0.0007 253.232

0 2.0188 0.0007 358.339
1 2.0188 0.0007 311.127

0 2.0195 0.0007 356.899
1 2.0195 0.0007 250.828

0 2.0202 0.0007 351.542
1 2.0202 0.0007 192.866

0 2.0209 0.0007 341.47
1 2.0209 0.0007 205.873

0 2.0216 0.0007 325.101
1 2.0216 0.0007 239.591

0 2.0223 0.0007 318.897
1 2.0223 0.0007 251.847

0 2.023 0.0007 315.251
1 2.023 0.0007 242.675

0 2.0237 0.0007 306.781
1 2.0237 0.0007 230.881

0 2.0244 0.0007 298.179
1 2.0244 0.0007 245.842

0 2.0251 0.0007 293.495
1 2.0251 0.0007 239.418

0 2.0258 0.0007 290.176
1 2.0258 0.0007 236.575

0 2.0265 0.0007 285.838
1 2.0265 0.0007 242.48

0 2.0272 0.0007 282.046
1 2.0272 0.0007 250.753

0 2.0279 0.0007 280.494
1 2.0279 0.0007 249.785

0 2.0286 0.0007 278.774
1 2.0286 0.0007 231.591

0 2.0293 0.0007 276.638
1 2.0293 0.0007 247.6

0 2.03 0.0007 276.702
1 2.03 0.0007 236.577

0 2.0307 0.0007 277.618
1 2.0307 0.0007 211.036

0 2.0314 0.0007 277.48
1 2.0314 0.0007 299.216

0 2.0321 0.0007 280.698
1 2.0321 0.0007 239.587

0 2.0328 0.0007 284.02
1 2.0328 0.0007 221.019

0 2.0335 0.0007 288.205
1 2.0335 0.0007 250.806

0 2.0342 0.0007 292.013
1 2.0342 0.0007 232.66

0 2.0349 0.0007 296.506
1 2.0349 0.0007 229.349

0 2.0356 0.0007 302.786
1 2.0356 0.0007 251.023

0 2.0363 0.0007 309.395
1 2.0363 0.0007 244.188

0 2.037 0.0007 315.732
1 2.037 0.0007 234.098

0 2.0377 0.0007 323.918
1 2.0377 0.0007 229.386

0 2.0384 0.0007 331.931
1 2.0384 0.0007 236.528

0 2.0391 0.0007 338.627
1 2.0391 0.0007 246.834

0 2.0398 0.0007 345.553
1 2.0398 0.0007 235.788

0 2.0405 0.0007 357.277
1 2.0405 0.0007 234.175

0 2.0412 0.0007 368.742
1 2.0412 0.0007 269.994

0 2.0419 0.0007 376.194
1 2.0419 0.0007 249.843

0 2.0426 0.0007 382.392
1 2.0426 0.0007 196.48

0 2.0433 0.0007 390.812
1 2.0433 0.0007 201.164

0 2.044 0.0007 403.721
1 2.044 0.0007 217.55

0 2.0447 0.0007 413.359
1 2.0447 0.0007 283.757

0 2.0454 0.0007 421.022
1 2.0454 0.0007 252.221

0 2.0461 0.0007 429.805
1 2.0461 0.0007 214.617

0 2.0468 0.0007 439.341
1 2.0468 0.0007 236.463

0 2.0475 0.0007 447.254
1 2.0475 0.0007 249.473

0 2.0482 0.0007 453.774
1 2.0482 0.0007 234.951

0 2.0489 0.0007 460.784
1 2.0489 0.0007 228.735

0 2.0496 0.0007 466.692
1 2.0496 0.0007 248.721

0 2.0503 0.0007 471.307
1 2.0503 0.0007 238.722

0 2.051 0.0007 474.361
1 2.051 0.0007 248.471

0 2.0517 0.0007 477.065
1 2.0517 0.0007 237.19

0 2.0524 0.0007 478.936
1 2.0524 0.0007 243.314

0 2.0531 0.0007 480.252
1 2.0531 0.0007 250.077

0 2.0538 0.0007 479.51
1 2.0538 0.0007 210.697

0 2.0545 0.0007 480.454
1 2.0545 0.0007 204.866

0 2.0552 0.0007 481.158
1 2.0552 0.0007 299.107

0 2.0559 0.0007 472.898
1 2.0559 0.0007 237.28

0 2.0566 0.0007 469.302
1 2.0566 0.0007 222.385

0 2.0573 0.0007 464.914
1 2.0573 0.0007 245.099

0 2.058 0.0007 458.772
1 2.058 0.0007 239.938

0 2.0587 0.0007 453.581
1 2.0587 0.0007 240.115

0 2.0594 0.0007 445.139
1 2.0594 0.0007 236.3

0 2.0601 0.0007 437.53
1 2.0601 0.0007 240.017

0 2.0608 0.0007 429.583
1 2.0608 0.0007 242.352

0 2.0615 0.0007 420.682
1 2.0615 0.0007 226.579

0 2.0622 0.0007 411.068
1 2.0622 0.0007 235.704

0 2.0629 0.0007 399.589
1 2.0629 0.0007 253.003

0 2.0636 0.0007 391.168
1 2.0636 0.0007 212.358

0 2.0643 0.0007 381.4
1 2.0643 0.0007 213.657

0 2.065 0.0007 367.079
1 2.065 0.0007 246.369

0 2.0657 0.0007 354.93
1 2.0657 0.0007 305.33

0 2.0664 0.0007 353.541
1 2.0664 0.0007 262.767

0 2.0671 0.0007 348.81
1 2.0671 0.0007 203.803

0 2.0678 0.0007 339.396
1 2.0678 0.0007 198.505

0 2.0685 0.0007 323.997
1 2.0685 0.0007 236.87

0 2.0692 0.0007 315.633
1 2.0692 0.0007 249.443

0 2.0699 0.0007 312.982
1 2.0699 0.0007 235.818

0 2.0706 0.0007 305.42
1 2.0706 0.0007 224.648

0 2.0713 0.0007 296.97
1 2.0713 0.0007 245.147

0 2.072 0.0007 291.735
1 2.072 0.0007 240.31

0 2.0727 0.0007 288.473
1 2.0727 0.0007 240.366

0 2.0734 0.0007 284.079
1 2.0734 0.0007 239.783

0 2.0741 0.0007 280.285
1 2.0741 0.0007 249.668

0 2.0748 0.0007 278.43
1 2.0748 0.0007 257.134

0 2.0755 0.0007 276.748
1 2.0755 0.0007 222.403

0 2.0762 0.0007 274.758
1 2.0762 0.0007 243.424

0 2.0769 0.0007 274.029
1 2.0769 0.0007 247.04

0 2.0776 0.0007 275.086
1 2.0776 0.0007 218.38

0 2.0783 0.0007 275.187
1 2.0783 0.0007 299.002

0 2.079 0.0007 277.918
1 2.079 0.0007 242.954

0 2.0797 0.0007 281.277
1 2.0797 0.0007 224.763

0 2.0804 0.0007 285.345
1 2.0804 0.0007 245.544

0 2.0811 0.0007 289.088
1 2.0811 0.0007 234.625

0 2.0818 0.0007 293.612
1 2.0818 0.0007 233.472

0 2.0825 0.0007 299.696
1 2.0825 0.0007 247.732

0 2.0832 0.0007 306.217
1 2.0832 0.0007 248.665

0 2.0839 0.0007 312.303
1 2.0839 0.0007 239.49

0 2.0846 0.0007 320.327
1 2.0846 0.0007 228.617

0 2.0853 0.0007 328.357
1 2.0853 0.0007 233.412

0 2.086 0.0007 335.56
1 2.086 0.0007 247.998

0 2.0867 0.0007 342.02
1 2.0867 0.0007 236.328

0 2.0874 0.0007 353.176
1 2.0874 0.0007 235.851

0 2.0881 0.0007 365.4
1 2.0881 0.0007 263.68

0 2.0888 0.0007 373.183
1 2.0888 0.0007 264.216

0 2.0895 0.0007 379.722
1 2.0895 0.0007 193.79

0 2.0902 0.0007 387.135
1 2.0902 0.0007 199.113

0 2.0909 0.0007 399.839
1 2.0909 0.0007 208.786

0 2.0916 0.0007 410.587
1 2.0916 0.0007 285.163

0 2.0923 0.0007 418.4
1 2.0923 0.0007 259.023

0 2.093 0.0007 426.769
1 2.093 0.0007 219.227

0 2.0937 0.0007 436.421
1 2.0937 0.0007 235.004

0 2.0944 0.0007 444.806
1 2.0944 0.0007 248.136

0 2.0951 0.0007 451.372
1 2.0951 0.0007 237.408

0 2.0958 0.0007 458.592
1 2.0958 0.0007 226.412

0 2.0965 0.0007 464.536
1 2.0965 0.0007 244.892

0 2.0972 0.0007 469.463
1 2.0972 0.0007 236.1

0 2.0979 0.0007 472.715
1 2.0979 0.0007 242.026

0 2.0986 0.0007 475.571
1 2.0986 0.0007 242.396

0 2.0993 0.0007 477.734
1 2.0993 0.0007 240.799

0 2.1 0.0007 479.247
1 2.1 0.0007 257.097

